Time(sec)	CellId	BwpId	txStreamId 	IMSI	rxStreamId	pathLoss(dB)
0	1	0	0	1	0	-119.635
0.005	1	0	0	1	0	-119.635
0.01	1	0	0	1	0	-119.635
0.015	1	0	0	1	0	-119.635
0.02	1	0	0	1	0	-119.635
0.025	1	0	0	1	0	-119.635
0.03	1	0	0	1	0	-119.635
0.035	1	0	0	1	0	-119.635
0.04	1	0	0	1	0	-119.635
0.045	1	0	0	1	0	-119.635
0.05	1	0	0	1	0	-119.635
0.055	1	0	0	1	0	-119.635
0.06	1	0	0	1	0	-119.635
0.065	1	0	0	1	0	-119.635
0.07	1	0	0	1	0	-119.635
0.075	1	0	0	1	0	-119.635
0.08	1	0	0	1	0	-119.635
0.085	1	0	0	1	0	-119.635
0.09	1	0	0	1	0	-119.635
0.095	1	0	0	1	0	-119.635
0.1	1	0	0	1	0	-119.635
0.105	1	0	0	1	0	-119.635
0.11	1	0	0	1	0	-119.635
0.115	1	0	0	1	0	-119.635
0.12	1	0	0	1	0	-119.635
0.125	1	0	0	1	0	-119.635
0.13	1	0	0	1	0	-119.635
0.135	1	0	0	1	0	-119.635
0.14	1	0	0	1	0	-119.635
0.145	1	0	0	1	0	-119.635
0.15	1	0	0	1	0	-119.635
0.155	1	0	0	1	0	-119.635
0.16	1	0	0	1	0	-119.635
0.165	1	0	0	1	0	-119.635
0.17	1	0	0	1	0	-119.635
0.175	1	0	0	1	0	-119.635
0.18	1	0	0	1	0	-119.635
0.185	1	0	0	1	0	-119.635
0.19	1	0	0	1	0	-119.635
0.195	1	0	0	1	0	-119.635
0.2	1	0	0	1	0	-119.635
0.205	1	0	0	1	0	-119.635
0.21	1	0	0	1	0	-119.635
0.215	1	0	0	1	0	-119.635
0.22	1	0	0	1	0	-119.635
0.225	1	0	0	1	0	-119.635
0.23	1	0	0	1	0	-119.635
0.235	1	0	0	1	0	-119.635
0.24	1	0	0	1	0	-119.635
0.245	1	0	0	1	0	-119.635
0.25	1	0	0	1	0	-119.635
0.255	1	0	0	1	0	-119.635
0.26	1	0	0	1	0	-119.635
0.265	1	0	0	1	0	-119.635
0.27	1	0	0	1	0	-119.635
0.275	1	0	0	1	0	-119.635
0.28	1	0	0	1	0	-119.635
0.285	1	0	0	1	0	-119.635
0.29	1	0	0	1	0	-119.635
0.295	1	0	0	1	0	-119.635
0.3	1	0	0	1	0	-119.635
0.305	1	0	0	1	0	-119.635
0.31	1	0	0	1	0	-119.635
0.315	1	0	0	1	0	-119.635
0.32	1	0	0	1	0	-119.635
0.325	1	0	0	1	0	-119.635
0.33	1	0	0	1	0	-119.635
0.335	1	0	0	1	0	-119.635
0.34	1	0	0	1	0	-119.635
0.345	1	0	0	1	0	-119.635
0.35	1	0	0	1	0	-119.635
0.355	1	0	0	1	0	-119.635
0.36	1	0	0	1	0	-119.635
0.365	1	0	0	1	0	-119.635
0.37	1	0	0	1	0	-119.635
0.375	1	0	0	1	0	-119.635
0.38	1	0	0	1	0	-119.635
0.385	1	0	0	1	0	-119.635
0.39	1	0	0	1	0	-119.635
0.395	1	0	0	1	0	-119.635
0.4	1	0	0	1	0	-119.635
0.405	1	0	0	1	0	-119.635
0.41	1	0	0	1	0	-119.635
0.415	1	0	0	1	0	-119.635
0.42	1	0	0	1	0	-119.635
0.425	1	0	0	1	0	-119.635
0.43	1	0	0	1	0	-119.635
0.435	1	0	0	1	0	-119.635
0.44	1	0	0	1	0	-119.635
0.445	1	0	0	1	0	-119.635
0.45	1	0	0	1	0	-119.635
0.455	1	0	0	1	0	-119.635
0.46	1	0	0	1	0	-119.635
0.465	1	0	0	1	0	-119.635
0.47	1	0	0	1	0	-119.635
0.475	1	0	0	1	0	-119.635
0.48	1	0	0	1	0	-119.635
0.485	1	0	0	1	0	-119.635
0.49	1	0	0	1	0	-119.635
0.495	1	0	0	1	0	-119.635
0.5	1	0	0	1	0	-119.635
0.505	1	0	0	1	0	-119.635
0.51	1	0	0	1	0	-119.635
0.515	1	0	0	1	0	-119.635
0.52	1	0	0	1	0	-119.635
0.525	1	0	0	1	0	-119.635
0.53	1	0	0	1	0	-119.635
0.535	1	0	0	1	0	-119.635
0.54	1	0	0	1	0	-119.635
0.545	1	0	0	1	0	-119.635
0.55	1	0	0	1	0	-119.635
0.555	1	0	0	1	0	-119.635
0.56	1	0	0	1	0	-119.635
0.565	1	0	0	1	0	-119.635
0.57	1	0	0	1	0	-119.635
0.575	1	0	0	1	0	-119.635
0.58	1	0	0	1	0	-119.635
0.585	1	0	0	1	0	-119.635
0.59	1	0	0	1	0	-119.635
0.595	1	0	0	1	0	-119.635
0.6	1	0	0	1	0	-119.635
0.605	1	0	0	1	0	-119.635
0.606	1	0	0	1	0	-119.635
0.61	1	0	0	1	0	-119.635
0.611	1	0	0	1	0	-119.635
0.615	1	0	0	1	0	-119.635
0.616	1	0	0	1	0	-119.635
0.62	1	0	0	1	0	-119.635
0.621	1	0	0	1	0	-119.635
0.625	1	0	0	1	0	-119.635
0.63	1	0	0	1	0	-119.635
0.635	1	0	0	1	0	-119.635
0.64	1	0	0	1	0	-119.635
0.645	1	0	0	1	0	-119.635
0.65	1	0	0	1	0	-119.635
0.655	1	0	0	1	0	-119.635
0.66	1	0	0	1	0	-119.635
0.665	1	0	0	1	0	-119.635
0.67	1	0	0	1	0	-119.635
0.675	1	0	0	1	0	-119.635
0.68	1	0	0	1	0	-119.635
0.685	1	0	0	1	0	-119.635
0.69	1	0	0	1	0	-119.635
0.695	1	0	0	1	0	-119.635
0.7	1	0	0	1	0	-119.635
0.705	1	0	0	1	0	-119.635
0.71	1	0	0	1	0	-119.635
0.715	1	0	0	1	0	-119.635
0.72	1	0	0	1	0	-119.635
0.725	1	0	0	1	0	-119.635
0.73	1	0	0	1	0	-119.635
0.735	1	0	0	1	0	-119.635
0.74	1	0	0	1	0	-119.635
0.745	1	0	0	1	0	-119.635
0.75	1	0	0	1	0	-119.635
0.755	1	0	0	1	0	-119.635
0.76	1	0	0	1	0	-119.635
0.765	1	0	0	1	0	-119.635
0.77	1	0	0	1	0	-119.635
0.775	1	0	0	1	0	-119.635
0.78	1	0	0	1	0	-119.635
0.785	1	0	0	1	0	-119.635
0.79	1	0	0	1	0	-119.635
0.795	1	0	0	1	0	-119.635
0.8	1	0	0	1	0	-119.635
0.805	1	0	0	1	0	-119.635
0.81	1	0	0	1	0	-119.635
0.815	1	0	0	1	0	-119.635
0.82	1	0	0	1	0	-119.635
0.825	1	0	0	1	0	-119.635
0.83	1	0	0	1	0	-119.635
0.835	1	0	0	1	0	-119.635
0.84	1	0	0	1	0	-119.635
0.845	1	0	0	1	0	-119.635
0.85	1	0	0	1	0	-119.635
0.855	1	0	0	1	0	-119.635
0.86	1	0	0	1	0	-119.635
0.865	1	0	0	1	0	-119.635
0.87	1	0	0	1	0	-119.635
0.875	1	0	0	1	0	-119.635
0.88	1	0	0	1	0	-119.635
0.885	1	0	0	1	0	-119.635
0.89	1	0	0	1	0	-119.635
0.895	1	0	0	1	0	-119.635
0.9	1	0	0	1	0	-119.635
0.905	1	0	0	1	0	-119.635
0.91	1	0	0	1	0	-119.635
0.915	1	0	0	1	0	-119.635
0.92	1	0	0	1	0	-119.635
0.925	1	0	0	1	0	-119.635
0.93	1	0	0	1	0	-119.635
0.935	1	0	0	1	0	-119.635
0.94	1	0	0	1	0	-119.635
0.945	1	0	0	1	0	-119.635
0.95	1	0	0	1	0	-119.635
0.955	1	0	0	1	0	-119.635
0.96	1	0	0	1	0	-119.635
0.965	1	0	0	1	0	-119.635
0.97	1	0	0	1	0	-119.635
0.975	1	0	0	1	0	-119.635
0.98	1	0	0	1	0	-119.635
0.985	1	0	0	1	0	-119.635
0.99	1	0	0	1	0	-119.635
0.995	1	0	0	1	0	-119.635
1	1	0	0	1	0	-119.635
1.005	1	0	0	1	0	-119.635
1.01	1	0	0	1	0	-119.635
1.015	1	0	0	1	0	-119.635
1.02	1	0	0	1	0	-119.635
1.025	1	0	0	1	0	-119.635
1.03	1	0	0	1	0	-119.635
1.035	1	0	0	1	0	-119.635
1.04	1	0	0	1	0	-119.635
1.045	1	0	0	1	0	-119.635
1.05	1	0	0	1	0	-119.635
1.055	1	0	0	1	0	-119.635
1.06	1	0	0	1	0	-119.635
1.065	1	0	0	1	0	-119.635
1.07	1	0	0	1	0	-119.635
1.075	1	0	0	1	0	-119.635
1.08	1	0	0	1	0	-119.635
1.085	1	0	0	1	0	-119.635
1.09	1	0	0	1	0	-119.635
1.095	1	0	0	1	0	-119.635
1.1	1	0	0	1	0	-119.635
1.105	1	0	0	1	0	-119.635
1.11	1	0	0	1	0	-119.635
1.115	1	0	0	1	0	-119.635
1.12	1	0	0	1	0	-119.635
1.125	1	0	0	1	0	-119.635
1.13	1	0	0	1	0	-119.635
1.135	1	0	0	1	0	-119.635
1.14	1	0	0	1	0	-119.635
1.145	1	0	0	1	0	-119.635
1.15	1	0	0	1	0	-119.635
1.155	1	0	0	1	0	-119.635
1.16	1	0	0	1	0	-119.635
1.165	1	0	0	1	0	-119.635
1.17	1	0	0	1	0	-119.635
1.175	1	0	0	1	0	-119.635
1.18	1	0	0	1	0	-119.635
1.185	1	0	0	1	0	-119.635
1.19	1	0	0	1	0	-119.635
1.195	1	0	0	1	0	-119.635
1.2	1	0	0	1	0	-119.635
1.205	1	0	0	1	0	-119.635
1.21	1	0	0	1	0	-119.635
1.215	1	0	0	1	0	-119.635
1.22	1	0	0	1	0	-119.635
1.225	1	0	0	1	0	-119.635
1.23	1	0	0	1	0	-119.635
1.235	1	0	0	1	0	-119.635
1.24	1	0	0	1	0	-119.635
1.245	1	0	0	1	0	-119.635
1.25	1	0	0	1	0	-119.635
1.255	1	0	0	1	0	-119.635
1.26	1	0	0	1	0	-119.635
1.265	1	0	0	1	0	-119.635
1.27	1	0	0	1	0	-119.635
1.275	1	0	0	1	0	-119.635
1.28	1	0	0	1	0	-119.635
1.285	1	0	0	1	0	-119.635
1.29	1	0	0	1	0	-119.635
1.295	1	0	0	1	0	-119.635
1.3	1	0	0	1	0	-119.635
1.305	1	0	0	1	0	-119.635
1.31	1	0	0	1	0	-119.635
1.315	1	0	0	1	0	-119.635
1.32	1	0	0	1	0	-119.635
1.325	1	0	0	1	0	-119.635
1.33	1	0	0	1	0	-119.635
1.335	1	0	0	1	0	-119.635
1.34	1	0	0	1	0	-119.635
1.345	1	0	0	1	0	-119.635
1.35	1	0	0	1	0	-119.635
1.355	1	0	0	1	0	-119.635
1.36	1	0	0	1	0	-119.635
1.365	1	0	0	1	0	-119.635
1.37	1	0	0	1	0	-119.635
1.375	1	0	0	1	0	-119.635
1.38	1	0	0	1	0	-119.635
1.385	1	0	0	1	0	-119.635
1.39	1	0	0	1	0	-119.635
1.395	1	0	0	1	0	-119.635
1.4	1	0	0	1	0	-119.635
1.405	1	0	0	1	0	-119.635
1.41	1	0	0	1	0	-119.635
1.415	1	0	0	1	0	-119.635
1.42	1	0	0	1	0	-119.635
1.425	1	0	0	1	0	-119.635
1.43	1	0	0	1	0	-119.635
1.435	1	0	0	1	0	-119.635
1.44	1	0	0	1	0	-119.635
1.445	1	0	0	1	0	-119.635
1.45	1	0	0	1	0	-119.635
1.455	1	0	0	1	0	-119.635
1.46	1	0	0	1	0	-119.635
1.465	1	0	0	1	0	-119.635
1.47	1	0	0	1	0	-119.635
1.475	1	0	0	1	0	-119.635
1.48	1	0	0	1	0	-119.635
1.485	1	0	0	1	0	-119.635
1.49	1	0	0	1	0	-119.635
1.495	1	0	0	1	0	-119.635
1.5	1	0	0	1	0	-119.635
1.505	1	0	0	1	0	-119.635
1.51	1	0	0	1	0	-119.635
1.515	1	0	0	1	0	-119.635
1.52	1	0	0	1	0	-119.635
1.525	1	0	0	1	0	-119.635
1.53	1	0	0	1	0	-119.635
1.535	1	0	0	1	0	-119.635
1.54	1	0	0	1	0	-119.635
1.545	1	0	0	1	0	-119.635
1.55	1	0	0	1	0	-119.635
1.555	1	0	0	1	0	-119.635
1.56	1	0	0	1	0	-119.635
1.565	1	0	0	1	0	-119.635
1.57	1	0	0	1	0	-119.635
1.575	1	0	0	1	0	-119.635
1.58	1	0	0	1	0	-119.635
1.585	1	0	0	1	0	-119.635
1.59	1	0	0	1	0	-119.635
1.595	1	0	0	1	0	-119.635
1.6	1	0	0	1	0	-119.635
1.605	1	0	0	1	0	-119.635
1.61	1	0	0	1	0	-119.635
1.615	1	0	0	1	0	-119.635
1.62	1	0	0	1	0	-119.635
1.625	1	0	0	1	0	-119.635
1.63	1	0	0	1	0	-119.635
1.635	1	0	0	1	0	-119.635
1.64	1	0	0	1	0	-119.635
1.645	1	0	0	1	0	-119.635
1.65	1	0	0	1	0	-119.635
1.655	1	0	0	1	0	-119.635
1.66	1	0	0	1	0	-119.635
1.665	1	0	0	1	0	-119.635
1.67	1	0	0	1	0	-119.635
1.675	1	0	0	1	0	-119.635
1.68	1	0	0	1	0	-119.635
1.685	1	0	0	1	0	-119.635
1.69	1	0	0	1	0	-119.635
1.695	1	0	0	1	0	-119.635
1.7	1	0	0	1	0	-119.635
1.705	1	0	0	1	0	-119.635
1.71	1	0	0	1	0	-119.635
1.715	1	0	0	1	0	-119.635
1.72	1	0	0	1	0	-119.635
1.725	1	0	0	1	0	-119.635
1.73	1	0	0	1	0	-119.635
1.735	1	0	0	1	0	-119.635
1.74	1	0	0	1	0	-119.635
1.745	1	0	0	1	0	-119.635
1.75	1	0	0	1	0	-119.635
1.755	1	0	0	1	0	-119.635
1.76	1	0	0	1	0	-119.635
1.765	1	0	0	1	0	-119.635
1.77	1	0	0	1	0	-119.635
1.775	1	0	0	1	0	-119.635
1.78	1	0	0	1	0	-119.635
1.785	1	0	0	1	0	-119.635
1.79	1	0	0	1	0	-119.635
1.795	1	0	0	1	0	-119.635
1.8	1	0	0	1	0	-119.635
1.805	1	0	0	1	0	-119.635
1.81	1	0	0	1	0	-119.635
1.815	1	0	0	1	0	-119.635
1.82	1	0	0	1	0	-119.635
1.825	1	0	0	1	0	-119.635
1.83	1	0	0	1	0	-119.635
1.835	1	0	0	1	0	-119.635
1.84	1	0	0	1	0	-119.635
1.845	1	0	0	1	0	-119.635
1.85	1	0	0	1	0	-119.635
1.855	1	0	0	1	0	-119.635
1.86	1	0	0	1	0	-119.635
1.865	1	0	0	1	0	-119.635
1.87	1	0	0	1	0	-119.635
1.875	1	0	0	1	0	-119.635
1.88	1	0	0	1	0	-119.635
1.885	1	0	0	1	0	-119.635
1.89	1	0	0	1	0	-119.635
1.895	1	0	0	1	0	-119.635
1.9	1	0	0	1	0	-119.635
1.905	1	0	0	1	0	-119.635
1.91	1	0	0	1	0	-119.635
1.915	1	0	0	1	0	-119.635
1.92	1	0	0	1	0	-119.635
1.925	1	0	0	1	0	-119.635
1.93	1	0	0	1	0	-119.635
1.935	1	0	0	1	0	-119.635
1.94	1	0	0	1	0	-119.635
1.945	1	0	0	1	0	-119.635
1.95	1	0	0	1	0	-119.635
1.955	1	0	0	1	0	-119.635
1.96	1	0	0	1	0	-119.635
1.965	1	0	0	1	0	-119.635
1.97	1	0	0	1	0	-119.635
1.975	1	0	0	1	0	-119.635
1.98	1	0	0	1	0	-119.635
1.985	1	0	0	1	0	-119.635
1.99	1	0	0	1	0	-119.635
1.995	1	0	0	1	0	-119.635
2	1	0	0	1	0	-119.635
2.005	1	0	0	1	0	-119.635
2.01	1	0	0	1	0	-119.635
2.015	1	0	0	1	0	-119.635
2.02	1	0	0	1	0	-119.635
2.025	1	0	0	1	0	-119.635
2.03	1	0	0	1	0	-119.635
2.035	1	0	0	1	0	-119.635
2.04	1	0	0	1	0	-119.635
2.045	1	0	0	1	0	-119.635
2.05	1	0	0	1	0	-119.635
2.055	1	0	0	1	0	-119.635
2.06	1	0	0	1	0	-119.635
2.065	1	0	0	1	0	-119.635
2.07	1	0	0	1	0	-119.635
2.075	1	0	0	1	0	-119.635
2.08	1	0	0	1	0	-119.635
2.085	1	0	0	1	0	-119.635
2.09	1	0	0	1	0	-119.635
2.095	1	0	0	1	0	-119.635
2.1	1	0	0	1	0	-119.635
2.105	1	0	0	1	0	-119.635
2.11	1	0	0	1	0	-119.635
2.115	1	0	0	1	0	-119.635
2.12	1	0	0	1	0	-119.635
2.125	1	0	0	1	0	-119.635
2.13	1	0	0	1	0	-119.635
2.135	1	0	0	1	0	-119.635
2.14	1	0	0	1	0	-119.635
2.145	1	0	0	1	0	-119.635
2.15	1	0	0	1	0	-119.635
2.155	1	0	0	1	0	-119.635
2.16	1	0	0	1	0	-119.635
2.165	1	0	0	1	0	-119.635
2.17	1	0	0	1	0	-119.635
2.175	1	0	0	1	0	-119.635
2.18	1	0	0	1	0	-119.635
2.185	1	0	0	1	0	-119.635
2.19	1	0	0	1	0	-119.635
2.195	1	0	0	1	0	-119.635
2.2	1	0	0	1	0	-119.635
2.205	1	0	0	1	0	-119.635
2.21	1	0	0	1	0	-119.635
2.215	1	0	0	1	0	-119.635
2.22	1	0	0	1	0	-119.635
2.225	1	0	0	1	0	-119.635
2.23	1	0	0	1	0	-119.635
2.235	1	0	0	1	0	-119.635
2.24	1	0	0	1	0	-119.635
2.245	1	0	0	1	0	-119.635
2.25	1	0	0	1	0	-119.635
2.255	1	0	0	1	0	-119.635
2.26	1	0	0	1	0	-119.635
2.265	1	0	0	1	0	-119.635
2.27	1	0	0	1	0	-119.635
2.275	1	0	0	1	0	-119.635
2.28	1	0	0	1	0	-119.635
2.285	1	0	0	1	0	-119.635
2.29	1	0	0	1	0	-119.635
2.295	1	0	0	1	0	-119.635
2.3	1	0	0	1	0	-119.635
2.305	1	0	0	1	0	-119.635
2.31	1	0	0	1	0	-119.635
2.315	1	0	0	1	0	-119.635
2.32	1	0	0	1	0	-119.635
2.325	1	0	0	1	0	-119.635
2.33	1	0	0	1	0	-119.635
2.335	1	0	0	1	0	-119.635
2.34	1	0	0	1	0	-119.635
2.345	1	0	0	1	0	-119.635
2.35	1	0	0	1	0	-119.635
2.355	1	0	0	1	0	-119.635
2.36	1	0	0	1	0	-119.635
2.365	1	0	0	1	0	-119.635
2.37	1	0	0	1	0	-119.635
2.375	1	0	0	1	0	-119.635
2.38	1	0	0	1	0	-119.635
2.385	1	0	0	1	0	-119.635
2.39	1	0	0	1	0	-119.635
2.395	1	0	0	1	0	-119.635
2.4	1	0	0	1	0	-119.635
2.405	1	0	0	1	0	-119.635
2.41	1	0	0	1	0	-119.635
2.415	1	0	0	1	0	-119.635
2.42	1	0	0	1	0	-119.635
2.425	1	0	0	1	0	-119.635
2.43	1	0	0	1	0	-119.635
2.435	1	0	0	1	0	-119.635
2.44	1	0	0	1	0	-119.635
2.445	1	0	0	1	0	-119.635
2.45	1	0	0	1	0	-119.635
2.455	1	0	0	1	0	-119.635
2.46	1	0	0	1	0	-119.635
2.465	1	0	0	1	0	-119.635
2.47	1	0	0	1	0	-119.635
2.475	1	0	0	1	0	-119.635
2.48	1	0	0	1	0	-119.635
2.485	1	0	0	1	0	-119.635
2.49	1	0	0	1	0	-119.635
2.495	1	0	0	1	0	-119.635
2.5	1	0	0	1	0	-119.635
2.505	1	0	0	1	0	-119.635
2.51	1	0	0	1	0	-119.635
2.515	1	0	0	1	0	-119.635
2.52	1	0	0	1	0	-119.635
2.525	1	0	0	1	0	-119.635
2.53	1	0	0	1	0	-119.635
2.535	1	0	0	1	0	-119.635
2.54	1	0	0	1	0	-119.635
2.545	1	0	0	1	0	-119.635
2.55	1	0	0	1	0	-119.635
2.555	1	0	0	1	0	-119.635
2.56	1	0	0	1	0	-119.635
2.565	1	0	0	1	0	-119.635
2.57	1	0	0	1	0	-119.635
2.575	1	0	0	1	0	-119.635
2.58	1	0	0	1	0	-119.635
2.585	1	0	0	1	0	-119.635
2.59	1	0	0	1	0	-119.635
2.595	1	0	0	1	0	-119.635
2.6	1	0	0	1	0	-119.635
2.605	1	0	0	1	0	-119.635
2.61	1	0	0	1	0	-119.635
2.615	1	0	0	1	0	-119.635
2.62	1	0	0	1	0	-119.635
2.625	1	0	0	1	0	-119.635
2.63	1	0	0	1	0	-119.635
2.635	1	0	0	1	0	-119.635
2.64	1	0	0	1	0	-119.635
2.645	1	0	0	1	0	-119.635
2.65	1	0	0	1	0	-119.635
2.655	1	0	0	1	0	-119.635
2.66	1	0	0	1	0	-119.635
2.665	1	0	0	1	0	-119.635
2.67	1	0	0	1	0	-119.635
2.675	1	0	0	1	0	-119.635
2.68	1	0	0	1	0	-119.635
2.685	1	0	0	1	0	-119.635
2.69	1	0	0	1	0	-119.635
2.695	1	0	0	1	0	-119.635
2.7	1	0	0	1	0	-119.635
2.705	1	0	0	1	0	-119.635
2.71	1	0	0	1	0	-119.635
2.715	1	0	0	1	0	-119.635
2.72	1	0	0	1	0	-119.635
2.725	1	0	0	1	0	-119.635
2.73	1	0	0	1	0	-119.635
2.735	1	0	0	1	0	-119.635
2.74	1	0	0	1	0	-119.635
2.745	1	0	0	1	0	-119.635
2.75	1	0	0	1	0	-119.635
2.755	1	0	0	1	0	-119.635
2.76	1	0	0	1	0	-119.635
2.765	1	0	0	1	0	-119.635
2.77	1	0	0	1	0	-119.635
2.775	1	0	0	1	0	-119.635
2.78	1	0	0	1	0	-119.635
2.785	1	0	0	1	0	-119.635
2.79	1	0	0	1	0	-119.635
2.795	1	0	0	1	0	-119.635
2.8	1	0	0	1	0	-119.635
2.805	1	0	0	1	0	-119.635
2.81	1	0	0	1	0	-119.635
2.815	1	0	0	1	0	-119.635
2.82	1	0	0	1	0	-119.635
2.825	1	0	0	1	0	-119.635
2.83	1	0	0	1	0	-119.635
2.835	1	0	0	1	0	-119.635
2.84	1	0	0	1	0	-119.635
2.845	1	0	0	1	0	-119.635
2.85	1	0	0	1	0	-119.635
2.855	1	0	0	1	0	-119.635
2.86	1	0	0	1	0	-119.635
2.865	1	0	0	1	0	-119.635
2.87	1	0	0	1	0	-119.635
2.875	1	0	0	1	0	-119.635
2.88	1	0	0	1	0	-119.635
2.885	1	0	0	1	0	-119.635
2.89	1	0	0	1	0	-119.635
2.895	1	0	0	1	0	-119.635
2.9	1	0	0	1	0	-119.635
2.905	1	0	0	1	0	-119.635
2.91	1	0	0	1	0	-119.635
2.915	1	0	0	1	0	-119.635
2.92	1	0	0	1	0	-119.635
2.925	1	0	0	1	0	-119.635
2.93	1	0	0	1	0	-119.635
2.935	1	0	0	1	0	-119.635
2.94	1	0	0	1	0	-119.635
2.945	1	0	0	1	0	-119.635
2.95	1	0	0	1	0	-119.635
2.955	1	0	0	1	0	-119.635
2.96	1	0	0	1	0	-119.635
2.965	1	0	0	1	0	-119.635
2.97	1	0	0	1	0	-119.635
2.975	1	0	0	1	0	-119.635
2.98	1	0	0	1	0	-119.635
2.985	1	0	0	1	0	-119.635
2.99	1	0	0	1	0	-119.635
2.995	1	0	0	1	0	-119.635
3	1	0	0	1	0	-119.635
3.005	1	0	0	1	0	-119.635
3.01	1	0	0	1	0	-119.635
3.015	1	0	0	1	0	-119.635
3.02	1	0	0	1	0	-119.635
3.025	1	0	0	1	0	-119.635
3.03	1	0	0	1	0	-119.635
3.035	1	0	0	1	0	-119.635
3.04	1	0	0	1	0	-119.635
3.045	1	0	0	1	0	-119.635
3.05	1	0	0	1	0	-119.635
3.055	1	0	0	1	0	-119.635
3.06	1	0	0	1	0	-119.635
3.065	1	0	0	1	0	-119.635
3.07	1	0	0	1	0	-119.635
3.075	1	0	0	1	0	-119.635
3.08	1	0	0	1	0	-119.635
3.085	1	0	0	1	0	-119.635
3.09	1	0	0	1	0	-119.635
3.095	1	0	0	1	0	-119.635
3.1	1	0	0	1	0	-119.635
3.105	1	0	0	1	0	-119.635
3.11	1	0	0	1	0	-119.635
3.115	1	0	0	1	0	-119.635
3.12	1	0	0	1	0	-119.635
3.125	1	0	0	1	0	-119.635
3.13	1	0	0	1	0	-119.635
3.135	1	0	0	1	0	-119.635
3.14	1	0	0	1	0	-119.635
3.145	1	0	0	1	0	-119.635
3.15	1	0	0	1	0	-119.635
3.155	1	0	0	1	0	-119.635
3.16	1	0	0	1	0	-119.635
3.165	1	0	0	1	0	-119.635
3.17	1	0	0	1	0	-119.635
3.175	1	0	0	1	0	-119.635
3.18	1	0	0	1	0	-119.635
3.185	1	0	0	1	0	-119.635
3.19	1	0	0	1	0	-119.635
3.195	1	0	0	1	0	-119.635
3.2	1	0	0	1	0	-119.635
3.205	1	0	0	1	0	-119.635
3.21	1	0	0	1	0	-119.635
3.215	1	0	0	1	0	-119.635
3.22	1	0	0	1	0	-119.635
3.225	1	0	0	1	0	-119.635
3.23	1	0	0	1	0	-119.635
3.235	1	0	0	1	0	-119.635
3.24	1	0	0	1	0	-119.635
3.245	1	0	0	1	0	-119.635
3.25	1	0	0	1	0	-119.635
3.255	1	0	0	1	0	-119.635
3.26	1	0	0	1	0	-119.635
3.265	1	0	0	1	0	-119.635
3.27	1	0	0	1	0	-119.635
3.275	1	0	0	1	0	-119.635
3.28	1	0	0	1	0	-119.635
3.285	1	0	0	1	0	-119.635
3.29	1	0	0	1	0	-119.635
3.295	1	0	0	1	0	-119.635
3.3	1	0	0	1	0	-119.635
3.305	1	0	0	1	0	-119.635
3.31	1	0	0	1	0	-119.635
3.315	1	0	0	1	0	-119.635
3.32	1	0	0	1	0	-119.635
3.325	1	0	0	1	0	-119.635
3.33	1	0	0	1	0	-119.635
3.335	1	0	0	1	0	-119.635
3.34	1	0	0	1	0	-119.635
3.345	1	0	0	1	0	-119.635
3.35	1	0	0	1	0	-119.635
3.355	1	0	0	1	0	-119.635
3.36	1	0	0	1	0	-119.635
3.365	1	0	0	1	0	-119.635
3.37	1	0	0	1	0	-119.635
3.375	1	0	0	1	0	-119.635
3.38	1	0	0	1	0	-119.635
3.385	1	0	0	1	0	-119.635
3.39	1	0	0	1	0	-119.635
3.395	1	0	0	1	0	-119.635
3.4	1	0	0	1	0	-119.635
3.405	1	0	0	1	0	-119.635
3.41	1	0	0	1	0	-119.635
3.415	1	0	0	1	0	-119.635
3.42	1	0	0	1	0	-119.635
3.425	1	0	0	1	0	-119.635
3.43	1	0	0	1	0	-119.635
3.435	1	0	0	1	0	-119.635
3.44	1	0	0	1	0	-119.635
3.445	1	0	0	1	0	-119.635
3.45	1	0	0	1	0	-119.635
3.455	1	0	0	1	0	-119.635
3.46	1	0	0	1	0	-119.635
3.465	1	0	0	1	0	-119.635
3.47	1	0	0	1	0	-119.635
3.475	1	0	0	1	0	-119.635
3.48	1	0	0	1	0	-119.635
3.485	1	0	0	1	0	-119.635
3.49	1	0	0	1	0	-119.635
3.495	1	0	0	1	0	-119.635
3.5	1	0	0	1	0	-119.635
3.505	1	0	0	1	0	-119.635
3.51	1	0	0	1	0	-119.635
3.515	1	0	0	1	0	-119.635
3.52	1	0	0	1	0	-119.635
3.525	1	0	0	1	0	-119.635
3.53	1	0	0	1	0	-119.635
3.535	1	0	0	1	0	-119.635
3.54	1	0	0	1	0	-119.635
3.545	1	0	0	1	0	-119.635
3.55	1	0	0	1	0	-119.635
3.555	1	0	0	1	0	-119.635
3.56	1	0	0	1	0	-119.635
3.565	1	0	0	1	0	-119.635
3.57	1	0	0	1	0	-119.635
3.575	1	0	0	1	0	-119.635
3.58	1	0	0	1	0	-119.635
3.585	1	0	0	1	0	-119.635
3.59	1	0	0	1	0	-119.635
3.595	1	0	0	1	0	-119.635
3.6	1	0	0	1	0	-119.635
3.605	1	0	0	1	0	-119.635
3.61	1	0	0	1	0	-119.635
3.615	1	0	0	1	0	-119.635
3.62	1	0	0	1	0	-119.635
3.625	1	0	0	1	0	-119.635
3.63	1	0	0	1	0	-119.635
3.635	1	0	0	1	0	-119.635
3.64	1	0	0	1	0	-119.635
3.645	1	0	0	1	0	-119.635
3.65	1	0	0	1	0	-119.635
3.655	1	0	0	1	0	-119.635
3.66	1	0	0	1	0	-119.635
3.665	1	0	0	1	0	-119.635
3.67	1	0	0	1	0	-119.635
3.675	1	0	0	1	0	-119.635
3.68	1	0	0	1	0	-119.635
3.685	1	0	0	1	0	-119.635
3.69	1	0	0	1	0	-119.635
3.695	1	0	0	1	0	-119.635
3.7	1	0	0	1	0	-119.635
3.705	1	0	0	1	0	-119.635
3.71	1	0	0	1	0	-119.635
3.715	1	0	0	1	0	-119.635
3.72	1	0	0	1	0	-119.635
3.725	1	0	0	1	0	-119.635
3.73	1	0	0	1	0	-119.635
3.735	1	0	0	1	0	-119.635
3.74	1	0	0	1	0	-119.635
3.745	1	0	0	1	0	-119.635
3.75	1	0	0	1	0	-119.635
3.755	1	0	0	1	0	-119.635
3.76	1	0	0	1	0	-119.635
3.765	1	0	0	1	0	-119.635
3.77	1	0	0	1	0	-119.635
3.775	1	0	0	1	0	-119.635
3.78	1	0	0	1	0	-119.635
3.785	1	0	0	1	0	-119.635
3.79	1	0	0	1	0	-119.635
3.795	1	0	0	1	0	-119.635
3.8	1	0	0	1	0	-119.635
3.805	1	0	0	1	0	-119.635
3.81	1	0	0	1	0	-119.635
3.815	1	0	0	1	0	-119.635
3.82	1	0	0	1	0	-119.635
3.825	1	0	0	1	0	-119.635
3.83	1	0	0	1	0	-119.635
3.835	1	0	0	1	0	-119.635
3.84	1	0	0	1	0	-119.635
3.845	1	0	0	1	0	-119.635
3.85	1	0	0	1	0	-119.635
3.855	1	0	0	1	0	-119.635
3.86	1	0	0	1	0	-119.635
3.865	1	0	0	1	0	-119.635
3.87	1	0	0	1	0	-119.635
3.875	1	0	0	1	0	-119.635
3.88	1	0	0	1	0	-119.635
3.885	1	0	0	1	0	-119.635
3.89	1	0	0	1	0	-119.635
3.895	1	0	0	1	0	-119.635
3.9	1	0	0	1	0	-119.635
3.905	1	0	0	1	0	-119.635
3.91	1	0	0	1	0	-119.635
3.915	1	0	0	1	0	-119.635
3.92	1	0	0	1	0	-119.635
3.925	1	0	0	1	0	-119.635
3.93	1	0	0	1	0	-119.635
3.935	1	0	0	1	0	-119.635
3.94	1	0	0	1	0	-119.635
3.945	1	0	0	1	0	-119.635
3.95	1	0	0	1	0	-119.635
3.955	1	0	0	1	0	-119.635
3.96	1	0	0	1	0	-119.635
3.965	1	0	0	1	0	-119.635
3.97	1	0	0	1	0	-119.635
3.975	1	0	0	1	0	-119.635
3.98	1	0	0	1	0	-119.635
3.985	1	0	0	1	0	-119.635
3.99	1	0	0	1	0	-119.635
3.995	1	0	0	1	0	-119.635
4	1	0	0	1	0	-119.635
4.005	1	0	0	1	0	-119.635
4.01	1	0	0	1	0	-119.635
4.015	1	0	0	1	0	-119.635
4.02	1	0	0	1	0	-119.635
4.025	1	0	0	1	0	-119.635
4.03	1	0	0	1	0	-119.635
4.035	1	0	0	1	0	-119.635
4.04	1	0	0	1	0	-119.635
4.045	1	0	0	1	0	-119.635
4.05	1	0	0	1	0	-119.635
4.055	1	0	0	1	0	-119.635
4.06	1	0	0	1	0	-119.635
4.065	1	0	0	1	0	-119.635
4.07	1	0	0	1	0	-119.635
4.075	1	0	0	1	0	-119.635
4.08	1	0	0	1	0	-119.635
4.085	1	0	0	1	0	-119.635
4.09	1	0	0	1	0	-119.635
4.095	1	0	0	1	0	-119.635
4.1	1	0	0	1	0	-119.635
4.105	1	0	0	1	0	-119.635
4.11	1	0	0	1	0	-119.635
4.115	1	0	0	1	0	-119.635
4.12	1	0	0	1	0	-119.635
4.125	1	0	0	1	0	-119.635
4.13	1	0	0	1	0	-119.635
4.135	1	0	0	1	0	-119.635
4.14	1	0	0	1	0	-119.635
4.145	1	0	0	1	0	-119.635
4.15	1	0	0	1	0	-119.635
4.155	1	0	0	1	0	-119.635
4.16	1	0	0	1	0	-119.635
4.165	1	0	0	1	0	-119.635
4.17	1	0	0	1	0	-119.635
4.175	1	0	0	1	0	-119.635
4.18	1	0	0	1	0	-119.635
4.185	1	0	0	1	0	-119.635
4.19	1	0	0	1	0	-119.635
4.195	1	0	0	1	0	-119.635
4.2	1	0	0	1	0	-119.635
4.205	1	0	0	1	0	-119.635
4.21	1	0	0	1	0	-119.635
4.215	1	0	0	1	0	-119.635
4.22	1	0	0	1	0	-119.635
4.225	1	0	0	1	0	-119.635
4.23	1	0	0	1	0	-119.635
4.235	1	0	0	1	0	-119.635
4.24	1	0	0	1	0	-119.635
4.245	1	0	0	1	0	-119.635
4.25	1	0	0	1	0	-119.635
4.255	1	0	0	1	0	-119.635
4.26	1	0	0	1	0	-119.635
4.265	1	0	0	1	0	-119.635
4.27	1	0	0	1	0	-119.635
4.275	1	0	0	1	0	-119.635
4.28	1	0	0	1	0	-119.635
4.285	1	0	0	1	0	-119.635
4.29	1	0	0	1	0	-119.635
4.295	1	0	0	1	0	-119.635
4.3	1	0	0	1	0	-119.635
4.305	1	0	0	1	0	-119.635
4.31	1	0	0	1	0	-119.635
4.315	1	0	0	1	0	-119.635
4.32	1	0	0	1	0	-119.635
4.325	1	0	0	1	0	-119.635
4.33	1	0	0	1	0	-119.635
4.335	1	0	0	1	0	-119.635
4.34	1	0	0	1	0	-119.635
4.345	1	0	0	1	0	-119.635
4.35	1	0	0	1	0	-119.635
4.355	1	0	0	1	0	-119.635
4.36	1	0	0	1	0	-119.635
4.365	1	0	0	1	0	-119.635
4.37	1	0	0	1	0	-119.635
4.375	1	0	0	1	0	-119.635
4.38	1	0	0	1	0	-119.635
4.385	1	0	0	1	0	-119.635
4.39	1	0	0	1	0	-119.635
4.395	1	0	0	1	0	-119.635
4.4	1	0	0	1	0	-119.635
4.405	1	0	0	1	0	-119.635
4.41	1	0	0	1	0	-119.635
4.415	1	0	0	1	0	-119.635
4.42	1	0	0	1	0	-119.635
4.425	1	0	0	1	0	-119.635
4.43	1	0	0	1	0	-119.635
4.435	1	0	0	1	0	-119.635
4.44	1	0	0	1	0	-119.635
4.445	1	0	0	1	0	-119.635
4.45	1	0	0	1	0	-119.635
4.455	1	0	0	1	0	-119.635
4.46	1	0	0	1	0	-119.635
4.465	1	0	0	1	0	-119.635
4.47	1	0	0	1	0	-119.635
4.475	1	0	0	1	0	-119.635
4.48	1	0	0	1	0	-119.635
4.485	1	0	0	1	0	-119.635
4.49	1	0	0	1	0	-119.635
4.495	1	0	0	1	0	-119.635
4.5	1	0	0	1	0	-119.635
4.505	1	0	0	1	0	-119.635
4.51	1	0	0	1	0	-119.635
4.515	1	0	0	1	0	-119.635
4.52	1	0	0	1	0	-119.635
4.525	1	0	0	1	0	-119.635
4.53	1	0	0	1	0	-119.635
4.535	1	0	0	1	0	-119.635
4.54	1	0	0	1	0	-119.635
4.545	1	0	0	1	0	-119.635
4.55	1	0	0	1	0	-119.635
4.555	1	0	0	1	0	-119.635
4.56	1	0	0	1	0	-119.635
4.565	1	0	0	1	0	-119.635
4.57	1	0	0	1	0	-119.635
4.575	1	0	0	1	0	-119.635
4.58	1	0	0	1	0	-119.635
4.585	1	0	0	1	0	-119.635
4.59	1	0	0	1	0	-119.635
4.595	1	0	0	1	0	-119.635
4.6	1	0	0	1	0	-119.635
4.605	1	0	0	1	0	-119.635
4.61	1	0	0	1	0	-119.635
4.615	1	0	0	1	0	-119.635
4.62	1	0	0	1	0	-119.635
4.625	1	0	0	1	0	-119.635
4.63	1	0	0	1	0	-119.635
4.635	1	0	0	1	0	-119.635
4.64	1	0	0	1	0	-119.635
4.645	1	0	0	1	0	-119.635
4.65	1	0	0	1	0	-119.635
4.655	1	0	0	1	0	-119.635
4.66	1	0	0	1	0	-119.635
4.665	1	0	0	1	0	-119.635
4.67	1	0	0	1	0	-119.635
4.675	1	0	0	1	0	-119.635
4.68	1	0	0	1	0	-119.635
4.685	1	0	0	1	0	-119.635
4.69	1	0	0	1	0	-119.635
4.695	1	0	0	1	0	-119.635
4.7	1	0	0	1	0	-119.635
4.705	1	0	0	1	0	-119.635
4.71	1	0	0	1	0	-119.635
4.715	1	0	0	1	0	-119.635
4.72	1	0	0	1	0	-119.635
4.725	1	0	0	1	0	-119.635
4.73	1	0	0	1	0	-119.635
4.735	1	0	0	1	0	-119.635
4.74	1	0	0	1	0	-119.635
4.745	1	0	0	1	0	-119.635
4.75	1	0	0	1	0	-119.635
4.755	1	0	0	1	0	-119.635
4.76	1	0	0	1	0	-119.635
4.765	1	0	0	1	0	-119.635
4.77	1	0	0	1	0	-119.635
4.775	1	0	0	1	0	-119.635
4.78	1	0	0	1	0	-119.635
4.785	1	0	0	1	0	-119.635
4.79	1	0	0	1	0	-119.635
4.795	1	0	0	1	0	-119.635
4.8	1	0	0	1	0	-119.635
4.805	1	0	0	1	0	-119.635
4.81	1	0	0	1	0	-119.635
4.815	1	0	0	1	0	-119.635
4.82	1	0	0	1	0	-119.635
4.825	1	0	0	1	0	-119.635
4.83	1	0	0	1	0	-119.635
4.835	1	0	0	1	0	-119.635
4.84	1	0	0	1	0	-119.635
4.845	1	0	0	1	0	-119.635
4.85	1	0	0	1	0	-119.635
4.855	1	0	0	1	0	-119.635
4.86	1	0	0	1	0	-119.635
4.865	1	0	0	1	0	-119.635
4.87	1	0	0	1	0	-119.635
4.875	1	0	0	1	0	-119.635
4.88	1	0	0	1	0	-119.635
4.885	1	0	0	1	0	-119.635
4.89	1	0	0	1	0	-119.635
4.895	1	0	0	1	0	-119.635
4.9	1	0	0	1	0	-119.635
4.905	1	0	0	1	0	-119.635
4.91	1	0	0	1	0	-119.635
4.915	1	0	0	1	0	-119.635
4.92	1	0	0	1	0	-119.635
4.925	1	0	0	1	0	-119.635
4.93	1	0	0	1	0	-119.635
4.935	1	0	0	1	0	-119.635
4.94	1	0	0	1	0	-119.635
4.945	1	0	0	1	0	-119.635
4.95	1	0	0	1	0	-119.635
4.955	1	0	0	1	0	-119.635
4.96	1	0	0	1	0	-119.635
4.965	1	0	0	1	0	-119.635
4.97	1	0	0	1	0	-119.635
4.975	1	0	0	1	0	-119.635
4.98	1	0	0	1	0	-119.635
4.985	1	0	0	1	0	-119.635
4.99	1	0	0	1	0	-119.635
4.995	1	0	0	1	0	-119.635
5	1	0	0	1	0	-119.635
5.005	1	0	0	1	0	-119.635
5.01	1	0	0	1	0	-119.635
5.015	1	0	0	1	0	-119.635
5.02	1	0	0	1	0	-119.635
5.025	1	0	0	1	0	-119.635
5.03	1	0	0	1	0	-119.635
5.035	1	0	0	1	0	-119.635
5.04	1	0	0	1	0	-119.635
5.045	1	0	0	1	0	-119.635
5.05	1	0	0	1	0	-119.635
5.055	1	0	0	1	0	-119.635
5.06	1	0	0	1	0	-119.635
5.065	1	0	0	1	0	-119.635
5.07	1	0	0	1	0	-119.635
5.075	1	0	0	1	0	-119.635
5.08	1	0	0	1	0	-119.635
5.085	1	0	0	1	0	-119.635
5.09	1	0	0	1	0	-119.635
5.095	1	0	0	1	0	-119.635
5.1	1	0	0	1	0	-119.635
5.105	1	0	0	1	0	-119.635
5.11	1	0	0	1	0	-119.635
5.115	1	0	0	1	0	-119.635
5.12	1	0	0	1	0	-119.635
5.125	1	0	0	1	0	-119.635
5.13	1	0	0	1	0	-119.635
5.135	1	0	0	1	0	-119.635
5.14	1	0	0	1	0	-119.635
5.145	1	0	0	1	0	-119.635
5.15	1	0	0	1	0	-119.635
5.155	1	0	0	1	0	-119.635
5.16	1	0	0	1	0	-119.635
5.165	1	0	0	1	0	-119.635
5.17	1	0	0	1	0	-119.635
5.175	1	0	0	1	0	-119.635
5.18	1	0	0	1	0	-119.635
5.185	1	0	0	1	0	-119.635
5.19	1	0	0	1	0	-119.635
5.195	1	0	0	1	0	-119.635
5.2	1	0	0	1	0	-119.635
5.205	1	0	0	1	0	-119.635
5.21	1	0	0	1	0	-119.635
5.215	1	0	0	1	0	-119.635
5.22	1	0	0	1	0	-119.635
5.225	1	0	0	1	0	-119.635
5.23	1	0	0	1	0	-119.635
5.235	1	0	0	1	0	-119.635
5.24	1	0	0	1	0	-119.635
5.245	1	0	0	1	0	-119.635
5.25	1	0	0	1	0	-119.635
5.255	1	0	0	1	0	-119.635
5.26	1	0	0	1	0	-119.635
5.265	1	0	0	1	0	-119.635
5.27	1	0	0	1	0	-119.635
5.275	1	0	0	1	0	-119.635
5.28	1	0	0	1	0	-119.635
5.285	1	0	0	1	0	-119.635
5.29	1	0	0	1	0	-119.635
5.295	1	0	0	1	0	-119.635
5.3	1	0	0	1	0	-119.635
5.305	1	0	0	1	0	-119.635
5.31	1	0	0	1	0	-119.635
5.315	1	0	0	1	0	-119.635
5.32	1	0	0	1	0	-119.635
5.325	1	0	0	1	0	-119.635
5.33	1	0	0	1	0	-119.635
5.335	1	0	0	1	0	-119.635
5.34	1	0	0	1	0	-119.635
5.345	1	0	0	1	0	-119.635
5.35	1	0	0	1	0	-119.635
5.355	1	0	0	1	0	-119.635
5.36	1	0	0	1	0	-119.635
5.365	1	0	0	1	0	-119.635
5.37	1	0	0	1	0	-119.635
5.375	1	0	0	1	0	-119.635
5.38	1	0	0	1	0	-119.635
5.385	1	0	0	1	0	-119.635
5.39	1	0	0	1	0	-119.635
5.395	1	0	0	1	0	-119.635
5.4	1	0	0	1	0	-119.635
5.405	1	0	0	1	0	-119.635
5.41	1	0	0	1	0	-119.635
5.415	1	0	0	1	0	-119.635
5.42	1	0	0	1	0	-119.635
5.425	1	0	0	1	0	-119.635
5.43	1	0	0	1	0	-119.635
5.435	1	0	0	1	0	-119.635
5.44	1	0	0	1	0	-119.635
5.445	1	0	0	1	0	-119.635
5.45	1	0	0	1	0	-119.635
5.455	1	0	0	1	0	-119.635
5.46	1	0	0	1	0	-119.635
5.465	1	0	0	1	0	-119.635
5.47	1	0	0	1	0	-119.635
5.475	1	0	0	1	0	-119.635
5.48	1	0	0	1	0	-119.635
5.485	1	0	0	1	0	-119.635
5.49	1	0	0	1	0	-119.635
5.495	1	0	0	1	0	-119.635
5.5	1	0	0	1	0	-119.635
5.505	1	0	0	1	0	-119.635
5.51	1	0	0	1	0	-119.635
5.515	1	0	0	1	0	-119.635
5.52	1	0	0	1	0	-119.635
5.525	1	0	0	1	0	-119.635
5.53	1	0	0	1	0	-119.635
5.535	1	0	0	1	0	-119.635
5.54	1	0	0	1	0	-119.635
5.545	1	0	0	1	0	-119.635
5.55	1	0	0	1	0	-119.635
5.555	1	0	0	1	0	-119.635
5.56	1	0	0	1	0	-119.635
5.565	1	0	0	1	0	-119.635
5.57	1	0	0	1	0	-119.635
5.575	1	0	0	1	0	-119.635
5.58	1	0	0	1	0	-119.635
5.585	1	0	0	1	0	-119.635
5.59	1	0	0	1	0	-119.635
5.595	1	0	0	1	0	-119.635
5.6	1	0	0	1	0	-119.635
5.605	1	0	0	1	0	-119.635
5.61	1	0	0	1	0	-119.635
5.615	1	0	0	1	0	-119.635
5.62	1	0	0	1	0	-119.635
5.625	1	0	0	1	0	-119.635
5.63	1	0	0	1	0	-119.635
5.635	1	0	0	1	0	-119.635
5.64	1	0	0	1	0	-119.635
5.645	1	0	0	1	0	-119.635
5.65	1	0	0	1	0	-119.635
5.655	1	0	0	1	0	-119.635
5.66	1	0	0	1	0	-119.635
5.665	1	0	0	1	0	-119.635
5.67	1	0	0	1	0	-119.635
5.675	1	0	0	1	0	-119.635
5.68	1	0	0	1	0	-119.635
5.685	1	0	0	1	0	-119.635
5.69	1	0	0	1	0	-119.635
5.695	1	0	0	1	0	-119.635
5.7	1	0	0	1	0	-119.635
5.705	1	0	0	1	0	-119.635
5.71	1	0	0	1	0	-119.635
5.715	1	0	0	1	0	-119.635
5.72	1	0	0	1	0	-119.635
5.725	1	0	0	1	0	-119.635
5.73	1	0	0	1	0	-119.635
5.735	1	0	0	1	0	-119.635
5.74	1	0	0	1	0	-119.635
5.745	1	0	0	1	0	-119.635
5.75	1	0	0	1	0	-119.635
5.755	1	0	0	1	0	-119.635
5.76	1	0	0	1	0	-119.635
5.765	1	0	0	1	0	-119.635
5.77	1	0	0	1	0	-119.635
5.775	1	0	0	1	0	-119.635
5.78	1	0	0	1	0	-119.635
5.785	1	0	0	1	0	-119.635
5.79	1	0	0	1	0	-119.635
5.795	1	0	0	1	0	-119.635
5.8	1	0	0	1	0	-119.635
5.805	1	0	0	1	0	-119.635
5.81	1	0	0	1	0	-119.635
5.815	1	0	0	1	0	-119.635
5.82	1	0	0	1	0	-119.635
5.825	1	0	0	1	0	-119.635
5.83	1	0	0	1	0	-119.635
5.835	1	0	0	1	0	-119.635
5.84	1	0	0	1	0	-119.635
5.845	1	0	0	1	0	-119.635
5.85	1	0	0	1	0	-119.635
5.855	1	0	0	1	0	-119.635
5.86	1	0	0	1	0	-119.635
5.865	1	0	0	1	0	-119.635
5.87	1	0	0	1	0	-119.635
5.875	1	0	0	1	0	-119.635
5.88	1	0	0	1	0	-119.635
5.885	1	0	0	1	0	-119.635
5.89	1	0	0	1	0	-119.635
5.895	1	0	0	1	0	-119.635
5.9	1	0	0	1	0	-119.635
5.905	1	0	0	1	0	-119.635
5.91	1	0	0	1	0	-119.635
5.915	1	0	0	1	0	-119.635
5.92	1	0	0	1	0	-119.635
5.925	1	0	0	1	0	-119.635
5.93	1	0	0	1	0	-119.635
5.935	1	0	0	1	0	-119.635
5.94	1	0	0	1	0	-119.635
5.945	1	0	0	1	0	-119.635
5.95	1	0	0	1	0	-119.635
5.955	1	0	0	1	0	-119.635
5.96	1	0	0	1	0	-119.635
5.965	1	0	0	1	0	-119.635
5.97	1	0	0	1	0	-119.635
5.975	1	0	0	1	0	-119.635
5.98	1	0	0	1	0	-119.635
5.985	1	0	0	1	0	-119.635
5.99	1	0	0	1	0	-119.635
5.995	1	0	0	1	0	-119.635
6	1	0	0	1	0	-119.635
6.005	1	0	0	1	0	-119.635
6.01	1	0	0	1	0	-119.635
6.015	1	0	0	1	0	-119.635
6.02	1	0	0	1	0	-119.635
6.025	1	0	0	1	0	-119.635
6.03	1	0	0	1	0	-119.635
6.035	1	0	0	1	0	-119.635
6.04	1	0	0	1	0	-119.635
6.045	1	0	0	1	0	-119.635
6.05	1	0	0	1	0	-119.635
6.055	1	0	0	1	0	-119.635
6.06	1	0	0	1	0	-119.635
6.065	1	0	0	1	0	-119.635
6.07	1	0	0	1	0	-119.635
6.075	1	0	0	1	0	-119.635
6.08	1	0	0	1	0	-119.635
6.085	1	0	0	1	0	-119.635
6.09	1	0	0	1	0	-119.635
6.095	1	0	0	1	0	-119.635
6.1	1	0	0	1	0	-119.635
6.105	1	0	0	1	0	-119.635
6.11	1	0	0	1	0	-119.635
6.115	1	0	0	1	0	-119.635
6.12	1	0	0	1	0	-119.635
6.125	1	0	0	1	0	-119.635
6.13	1	0	0	1	0	-119.635
6.135	1	0	0	1	0	-119.635
6.14	1	0	0	1	0	-119.635
6.145	1	0	0	1	0	-119.635
6.15	1	0	0	1	0	-119.635
6.155	1	0	0	1	0	-119.635
6.16	1	0	0	1	0	-119.635
6.165	1	0	0	1	0	-119.635
6.17	1	0	0	1	0	-119.635
6.175	1	0	0	1	0	-119.635
6.18	1	0	0	1	0	-119.635
6.185	1	0	0	1	0	-119.635
6.19	1	0	0	1	0	-119.635
6.195	1	0	0	1	0	-119.635
6.2	1	0	0	1	0	-119.635
6.205	1	0	0	1	0	-119.635
6.21	1	0	0	1	0	-119.635
6.215	1	0	0	1	0	-119.635
6.22	1	0	0	1	0	-119.635
6.225	1	0	0	1	0	-119.635
6.23	1	0	0	1	0	-119.635
6.235	1	0	0	1	0	-119.635
6.24	1	0	0	1	0	-119.635
6.245	1	0	0	1	0	-119.635
6.25	1	0	0	1	0	-119.635
6.255	1	0	0	1	0	-119.635
6.26	1	0	0	1	0	-119.635
6.265	1	0	0	1	0	-119.635
6.27	1	0	0	1	0	-119.635
6.275	1	0	0	1	0	-119.635
6.28	1	0	0	1	0	-119.635
6.285	1	0	0	1	0	-119.635
6.29	1	0	0	1	0	-119.635
6.295	1	0	0	1	0	-119.635
6.3	1	0	0	1	0	-119.635
6.305	1	0	0	1	0	-119.635
6.31	1	0	0	1	0	-119.635
6.315	1	0	0	1	0	-119.635
6.32	1	0	0	1	0	-119.635
6.325	1	0	0	1	0	-119.635
6.33	1	0	0	1	0	-119.635
6.335	1	0	0	1	0	-119.635
6.34	1	0	0	1	0	-119.635
6.345	1	0	0	1	0	-119.635
6.35	1	0	0	1	0	-119.635
6.355	1	0	0	1	0	-119.635
6.36	1	0	0	1	0	-119.635
6.365	1	0	0	1	0	-119.635
6.37	1	0	0	1	0	-119.635
6.375	1	0	0	1	0	-119.635
6.38	1	0	0	1	0	-119.635
6.385	1	0	0	1	0	-119.635
6.39	1	0	0	1	0	-119.635
6.395	1	0	0	1	0	-119.635
6.4	1	0	0	1	0	-119.635
6.405	1	0	0	1	0	-119.635
6.41	1	0	0	1	0	-119.635
6.415	1	0	0	1	0	-119.635
6.42	1	0	0	1	0	-119.635
6.425	1	0	0	1	0	-119.635
6.43	1	0	0	1	0	-119.635
6.435	1	0	0	1	0	-119.635
6.44	1	0	0	1	0	-119.635
6.445	1	0	0	1	0	-119.635
6.45	1	0	0	1	0	-119.635
6.455	1	0	0	1	0	-119.635
6.46	1	0	0	1	0	-119.635
6.465	1	0	0	1	0	-119.635
6.47	1	0	0	1	0	-119.635
6.475	1	0	0	1	0	-119.635
6.48	1	0	0	1	0	-119.635
6.485	1	0	0	1	0	-119.635
6.49	1	0	0	1	0	-119.635
6.495	1	0	0	1	0	-119.635
6.5	1	0	0	1	0	-119.635
6.505	1	0	0	1	0	-119.635
6.51	1	0	0	1	0	-119.635
6.515	1	0	0	1	0	-119.635
6.52	1	0	0	1	0	-119.635
6.525	1	0	0	1	0	-119.635
6.53	1	0	0	1	0	-119.635
6.535	1	0	0	1	0	-119.635
6.54	1	0	0	1	0	-119.635
6.545	1	0	0	1	0	-119.635
6.55	1	0	0	1	0	-119.635
6.555	1	0	0	1	0	-119.635
6.56	1	0	0	1	0	-119.635
6.565	1	0	0	1	0	-119.635
6.57	1	0	0	1	0	-119.635
6.575	1	0	0	1	0	-119.635
6.58	1	0	0	1	0	-119.635
6.585	1	0	0	1	0	-119.635
6.59	1	0	0	1	0	-119.635
6.595	1	0	0	1	0	-119.635
6.6	1	0	0	1	0	-119.635
6.605	1	0	0	1	0	-119.635
6.61	1	0	0	1	0	-119.635
6.615	1	0	0	1	0	-119.635
6.62	1	0	0	1	0	-119.635
6.625	1	0	0	1	0	-119.635
6.63	1	0	0	1	0	-119.635
6.635	1	0	0	1	0	-119.635
6.64	1	0	0	1	0	-119.635
6.645	1	0	0	1	0	-119.635
6.65	1	0	0	1	0	-119.635
6.655	1	0	0	1	0	-119.635
6.66	1	0	0	1	0	-119.635
6.665	1	0	0	1	0	-119.635
6.67	1	0	0	1	0	-119.635
6.675	1	0	0	1	0	-119.635
6.68	1	0	0	1	0	-119.635
6.685	1	0	0	1	0	-119.635
6.69	1	0	0	1	0	-119.635
6.695	1	0	0	1	0	-119.635
6.7	1	0	0	1	0	-119.635
6.705	1	0	0	1	0	-119.635
6.71	1	0	0	1	0	-119.635
6.715	1	0	0	1	0	-119.635
6.72	1	0	0	1	0	-119.635
6.725	1	0	0	1	0	-119.635
6.73	1	0	0	1	0	-119.635
6.735	1	0	0	1	0	-119.635
6.74	1	0	0	1	0	-119.635
6.745	1	0	0	1	0	-119.635
6.75	1	0	0	1	0	-119.635
6.755	1	0	0	1	0	-119.635
6.76	1	0	0	1	0	-119.635
6.765	1	0	0	1	0	-119.635
6.77	1	0	0	1	0	-119.635
6.775	1	0	0	1	0	-119.635
6.78	1	0	0	1	0	-119.635
6.785	1	0	0	1	0	-119.635
6.79	1	0	0	1	0	-119.635
6.795	1	0	0	1	0	-119.635
6.8	1	0	0	1	0	-119.635
6.805	1	0	0	1	0	-119.635
6.81	1	0	0	1	0	-119.635
6.815	1	0	0	1	0	-119.635
6.82	1	0	0	1	0	-119.635
6.825	1	0	0	1	0	-119.635
6.83	1	0	0	1	0	-119.635
6.835	1	0	0	1	0	-119.635
6.84	1	0	0	1	0	-119.635
6.845	1	0	0	1	0	-119.635
6.85	1	0	0	1	0	-119.635
6.855	1	0	0	1	0	-119.635
6.86	1	0	0	1	0	-119.635
6.865	1	0	0	1	0	-119.635
6.87	1	0	0	1	0	-119.635
6.875	1	0	0	1	0	-119.635
6.88	1	0	0	1	0	-119.635
6.885	1	0	0	1	0	-119.635
6.89	1	0	0	1	0	-119.635
6.895	1	0	0	1	0	-119.635
6.9	1	0	0	1	0	-119.635
6.905	1	0	0	1	0	-119.635
6.91	1	0	0	1	0	-119.635
6.915	1	0	0	1	0	-119.635
6.92	1	0	0	1	0	-119.635
6.925	1	0	0	1	0	-119.635
6.93	1	0	0	1	0	-119.635
6.935	1	0	0	1	0	-119.635
6.94	1	0	0	1	0	-119.635
6.945	1	0	0	1	0	-119.635
6.95	1	0	0	1	0	-119.635
6.955	1	0	0	1	0	-119.635
6.96	1	0	0	1	0	-119.635
6.965	1	0	0	1	0	-119.635
6.97	1	0	0	1	0	-119.635
6.975	1	0	0	1	0	-119.635
6.98	1	0	0	1	0	-119.635
6.985	1	0	0	1	0	-119.635
6.99	1	0	0	1	0	-119.635
6.995	1	0	0	1	0	-119.635
7	1	0	0	1	0	-119.635
7.005	1	0	0	1	0	-119.635
7.01	1	0	0	1	0	-119.635
7.015	1	0	0	1	0	-119.635
7.02	1	0	0	1	0	-119.635
7.025	1	0	0	1	0	-119.635
7.03	1	0	0	1	0	-119.635
7.035	1	0	0	1	0	-119.635
7.04	1	0	0	1	0	-119.635
7.045	1	0	0	1	0	-119.635
7.05	1	0	0	1	0	-119.635
7.055	1	0	0	1	0	-119.635
7.06	1	0	0	1	0	-119.635
7.065	1	0	0	1	0	-119.635
7.07	1	0	0	1	0	-119.635
7.075	1	0	0	1	0	-119.635
7.08	1	0	0	1	0	-119.635
7.085	1	0	0	1	0	-119.635
7.09	1	0	0	1	0	-119.635
7.095	1	0	0	1	0	-119.635
7.1	1	0	0	1	0	-119.635
7.105	1	0	0	1	0	-119.635
7.11	1	0	0	1	0	-119.635
7.115	1	0	0	1	0	-119.635
7.12	1	0	0	1	0	-119.635
7.125	1	0	0	1	0	-119.635
7.13	1	0	0	1	0	-119.635
7.135	1	0	0	1	0	-119.635
7.14	1	0	0	1	0	-119.635
7.145	1	0	0	1	0	-119.635
7.15	1	0	0	1	0	-119.635
7.155	1	0	0	1	0	-119.635
7.16	1	0	0	1	0	-119.635
7.165	1	0	0	1	0	-119.635
7.17	1	0	0	1	0	-119.635
7.175	1	0	0	1	0	-119.635
7.18	1	0	0	1	0	-119.635
7.185	1	0	0	1	0	-119.635
7.19	1	0	0	1	0	-119.635
7.195	1	0	0	1	0	-119.635
7.2	1	0	0	1	0	-119.635
7.205	1	0	0	1	0	-119.635
7.21	1	0	0	1	0	-119.635
7.215	1	0	0	1	0	-119.635
7.22	1	0	0	1	0	-119.635
7.225	1	0	0	1	0	-119.635
7.23	1	0	0	1	0	-119.635
7.235	1	0	0	1	0	-119.635
7.24	1	0	0	1	0	-119.635
7.245	1	0	0	1	0	-119.635
7.25	1	0	0	1	0	-119.635
7.255	1	0	0	1	0	-119.635
7.26	1	0	0	1	0	-119.635
7.265	1	0	0	1	0	-119.635
7.27	1	0	0	1	0	-119.635
7.275	1	0	0	1	0	-119.635
7.28	1	0	0	1	0	-119.635
7.285	1	0	0	1	0	-119.635
7.29	1	0	0	1	0	-119.635
7.295	1	0	0	1	0	-119.635
7.3	1	0	0	1	0	-119.635
7.305	1	0	0	1	0	-119.635
7.31	1	0	0	1	0	-119.635
7.315	1	0	0	1	0	-119.635
7.32	1	0	0	1	0	-119.635
7.325	1	0	0	1	0	-119.635
7.33	1	0	0	1	0	-119.635
7.335	1	0	0	1	0	-119.635
7.34	1	0	0	1	0	-119.635
7.345	1	0	0	1	0	-119.635
7.35	1	0	0	1	0	-119.635
7.355	1	0	0	1	0	-119.635
7.36	1	0	0	1	0	-119.635
7.365	1	0	0	1	0	-119.635
7.37	1	0	0	1	0	-119.635
7.375	1	0	0	1	0	-119.635
7.38	1	0	0	1	0	-119.635
7.385	1	0	0	1	0	-119.635
7.39	1	0	0	1	0	-119.635
7.395	1	0	0	1	0	-119.635
7.4	1	0	0	1	0	-119.635
7.405	1	0	0	1	0	-119.635
7.41	1	0	0	1	0	-119.635
7.415	1	0	0	1	0	-119.635
7.42	1	0	0	1	0	-119.635
7.425	1	0	0	1	0	-119.635
7.43	1	0	0	1	0	-119.635
7.435	1	0	0	1	0	-119.635
7.44	1	0	0	1	0	-119.635
7.445	1	0	0	1	0	-119.635
7.45	1	0	0	1	0	-119.635
7.455	1	0	0	1	0	-119.635
7.46	1	0	0	1	0	-119.635
7.465	1	0	0	1	0	-119.635
7.47	1	0	0	1	0	-119.635
7.475	1	0	0	1	0	-119.635
7.48	1	0	0	1	0	-119.635
7.485	1	0	0	1	0	-119.635
7.49	1	0	0	1	0	-119.635
7.495	1	0	0	1	0	-119.635
7.5	1	0	0	1	0	-119.635
7.505	1	0	0	1	0	-119.635
7.51	1	0	0	1	0	-119.635
7.515	1	0	0	1	0	-119.635
7.52	1	0	0	1	0	-119.635
7.525	1	0	0	1	0	-119.635
7.53	1	0	0	1	0	-119.635
7.535	1	0	0	1	0	-119.635
7.54	1	0	0	1	0	-119.635
7.545	1	0	0	1	0	-119.635
7.55	1	0	0	1	0	-119.635
7.555	1	0	0	1	0	-119.635
7.56	1	0	0	1	0	-119.635
7.565	1	0	0	1	0	-119.635
7.57	1	0	0	1	0	-119.635
7.575	1	0	0	1	0	-119.635
7.58	1	0	0	1	0	-119.635
7.585	1	0	0	1	0	-119.635
7.59	1	0	0	1	0	-119.635
7.595	1	0	0	1	0	-119.635
7.6	1	0	0	1	0	-119.635
7.605	1	0	0	1	0	-119.635
7.61	1	0	0	1	0	-119.635
7.615	1	0	0	1	0	-119.635
7.62	1	0	0	1	0	-119.635
7.625	1	0	0	1	0	-119.635
7.63	1	0	0	1	0	-119.635
7.635	1	0	0	1	0	-119.635
7.64	1	0	0	1	0	-119.635
7.645	1	0	0	1	0	-119.635
7.65	1	0	0	1	0	-119.635
7.655	1	0	0	1	0	-119.635
7.66	1	0	0	1	0	-119.635
7.665	1	0	0	1	0	-119.635
7.67	1	0	0	1	0	-119.635
7.675	1	0	0	1	0	-119.635
7.68	1	0	0	1	0	-119.635
7.685	1	0	0	1	0	-119.635
7.69	1	0	0	1	0	-119.635
7.695	1	0	0	1	0	-119.635
7.7	1	0	0	1	0	-119.635
7.705	1	0	0	1	0	-119.635
7.71	1	0	0	1	0	-119.635
7.715	1	0	0	1	0	-119.635
7.72	1	0	0	1	0	-119.635
7.725	1	0	0	1	0	-119.635
7.73	1	0	0	1	0	-119.635
7.735	1	0	0	1	0	-119.635
7.74	1	0	0	1	0	-119.635
7.745	1	0	0	1	0	-119.635
7.75	1	0	0	1	0	-119.635
7.755	1	0	0	1	0	-119.635
7.76	1	0	0	1	0	-119.635
7.765	1	0	0	1	0	-119.635
7.77	1	0	0	1	0	-119.635
7.775	1	0	0	1	0	-119.635
7.78	1	0	0	1	0	-119.635
7.785	1	0	0	1	0	-119.635
7.79	1	0	0	1	0	-119.635
7.795	1	0	0	1	0	-119.635
7.8	1	0	0	1	0	-119.635
7.805	1	0	0	1	0	-119.635
7.81	1	0	0	1	0	-119.635
7.815	1	0	0	1	0	-119.635
7.82	1	0	0	1	0	-119.635
7.825	1	0	0	1	0	-119.635
7.83	1	0	0	1	0	-119.635
7.835	1	0	0	1	0	-119.635
7.84	1	0	0	1	0	-119.635
7.845	1	0	0	1	0	-119.635
7.85	1	0	0	1	0	-119.635
7.855	1	0	0	1	0	-119.635
7.86	1	0	0	1	0	-119.635
7.865	1	0	0	1	0	-119.635
7.87	1	0	0	1	0	-119.635
7.875	1	0	0	1	0	-119.635
7.88	1	0	0	1	0	-119.635
7.885	1	0	0	1	0	-119.635
7.89	1	0	0	1	0	-119.635
7.895	1	0	0	1	0	-119.635
7.9	1	0	0	1	0	-119.635
7.905	1	0	0	1	0	-119.635
7.91	1	0	0	1	0	-119.635
7.915	1	0	0	1	0	-119.635
7.92	1	0	0	1	0	-119.635
7.925	1	0	0	1	0	-119.635
7.93	1	0	0	1	0	-119.635
7.935	1	0	0	1	0	-119.635
7.94	1	0	0	1	0	-119.635
7.945	1	0	0	1	0	-119.635
7.95	1	0	0	1	0	-119.635
7.955	1	0	0	1	0	-119.635
7.96	1	0	0	1	0	-119.635
7.965	1	0	0	1	0	-119.635
7.97	1	0	0	1	0	-119.635
7.975	1	0	0	1	0	-119.635
7.98	1	0	0	1	0	-119.635
7.985	1	0	0	1	0	-119.635
7.99	1	0	0	1	0	-119.635
7.995	1	0	0	1	0	-119.635
8	1	0	0	1	0	-119.635
8.005	1	0	0	1	0	-119.635
8.01	1	0	0	1	0	-119.635
8.015	1	0	0	1	0	-119.635
8.02	1	0	0	1	0	-119.635
8.025	1	0	0	1	0	-119.635
8.03	1	0	0	1	0	-119.635
8.035	1	0	0	1	0	-119.635
8.04	1	0	0	1	0	-119.635
8.045	1	0	0	1	0	-119.635
8.05	1	0	0	1	0	-119.635
8.055	1	0	0	1	0	-119.635
8.06	1	0	0	1	0	-119.635
8.065	1	0	0	1	0	-119.635
8.07	1	0	0	1	0	-119.635
8.075	1	0	0	1	0	-119.635
8.08	1	0	0	1	0	-119.635
8.085	1	0	0	1	0	-119.635
8.09	1	0	0	1	0	-119.635
8.095	1	0	0	1	0	-119.635
8.1	1	0	0	1	0	-119.635
8.105	1	0	0	1	0	-119.635
8.11	1	0	0	1	0	-119.635
8.115	1	0	0	1	0	-119.635
8.12	1	0	0	1	0	-119.635
8.125	1	0	0	1	0	-119.635
8.13	1	0	0	1	0	-119.635
8.135	1	0	0	1	0	-119.635
8.14	1	0	0	1	0	-119.635
8.145	1	0	0	1	0	-119.635
8.15	1	0	0	1	0	-119.635
8.155	1	0	0	1	0	-119.635
8.16	1	0	0	1	0	-119.635
8.165	1	0	0	1	0	-119.635
8.17	1	0	0	1	0	-119.635
8.175	1	0	0	1	0	-119.635
8.18	1	0	0	1	0	-119.635
8.185	1	0	0	1	0	-119.635
8.19	1	0	0	1	0	-119.635
8.195	1	0	0	1	0	-119.635
8.2	1	0	0	1	0	-119.635
8.205	1	0	0	1	0	-119.635
8.21	1	0	0	1	0	-119.635
8.215	1	0	0	1	0	-119.635
8.22	1	0	0	1	0	-119.635
8.225	1	0	0	1	0	-119.635
8.23	1	0	0	1	0	-119.635
8.235	1	0	0	1	0	-119.635
8.24	1	0	0	1	0	-119.635
8.245	1	0	0	1	0	-119.635
8.25	1	0	0	1	0	-119.635
8.255	1	0	0	1	0	-119.635
8.26	1	0	0	1	0	-119.635
8.265	1	0	0	1	0	-119.635
8.27	1	0	0	1	0	-119.635
8.275	1	0	0	1	0	-119.635
8.28	1	0	0	1	0	-119.635
8.285	1	0	0	1	0	-119.635
8.29	1	0	0	1	0	-119.635
8.295	1	0	0	1	0	-119.635
8.3	1	0	0	1	0	-119.635
8.305	1	0	0	1	0	-119.635
8.31	1	0	0	1	0	-119.635
8.315	1	0	0	1	0	-119.635
8.32	1	0	0	1	0	-119.635
8.325	1	0	0	1	0	-119.635
8.33	1	0	0	1	0	-119.635
8.335	1	0	0	1	0	-119.635
8.34	1	0	0	1	0	-119.635
8.345	1	0	0	1	0	-119.635
8.35	1	0	0	1	0	-119.635
8.355	1	0	0	1	0	-119.635
8.36	1	0	0	1	0	-119.635
8.365	1	0	0	1	0	-119.635
8.37	1	0	0	1	0	-119.635
8.375	1	0	0	1	0	-119.635
8.38	1	0	0	1	0	-119.635
8.385	1	0	0	1	0	-119.635
8.39	1	0	0	1	0	-119.635
8.395	1	0	0	1	0	-119.635
8.4	1	0	0	1	0	-119.635
8.405	1	0	0	1	0	-119.635
8.41	1	0	0	1	0	-119.635
8.415	1	0	0	1	0	-119.635
8.42	1	0	0	1	0	-119.635
8.425	1	0	0	1	0	-119.635
8.43	1	0	0	1	0	-119.635
8.435	1	0	0	1	0	-119.635
8.44	1	0	0	1	0	-119.635
8.445	1	0	0	1	0	-119.635
8.45	1	0	0	1	0	-119.635
8.455	1	0	0	1	0	-119.635
8.46	1	0	0	1	0	-119.635
8.465	1	0	0	1	0	-119.635
8.47	1	0	0	1	0	-119.635
8.475	1	0	0	1	0	-119.635
8.48	1	0	0	1	0	-119.635
8.485	1	0	0	1	0	-119.635
8.49	1	0	0	1	0	-119.635
8.495	1	0	0	1	0	-119.635
8.5	1	0	0	1	0	-119.635
8.505	1	0	0	1	0	-119.635
8.51	1	0	0	1	0	-119.635
8.515	1	0	0	1	0	-119.635
8.52	1	0	0	1	0	-119.635
8.525	1	0	0	1	0	-119.635
8.53	1	0	0	1	0	-119.635
8.535	1	0	0	1	0	-119.635
8.54	1	0	0	1	0	-119.635
8.545	1	0	0	1	0	-119.635
8.55	1	0	0	1	0	-119.635
8.555	1	0	0	1	0	-119.635
8.56	1	0	0	1	0	-119.635
8.565	1	0	0	1	0	-119.635
8.57	1	0	0	1	0	-119.635
8.575	1	0	0	1	0	-119.635
8.58	1	0	0	1	0	-119.635
8.585	1	0	0	1	0	-119.635
8.59	1	0	0	1	0	-119.635
8.595	1	0	0	1	0	-119.635
8.6	1	0	0	1	0	-119.635
8.605	1	0	0	1	0	-119.635
8.61	1	0	0	1	0	-119.635
8.615	1	0	0	1	0	-119.635
8.62	1	0	0	1	0	-119.635
8.625	1	0	0	1	0	-119.635
8.63	1	0	0	1	0	-119.635
8.635	1	0	0	1	0	-119.635
8.64	1	0	0	1	0	-119.635
8.645	1	0	0	1	0	-119.635
8.65	1	0	0	1	0	-119.635
8.655	1	0	0	1	0	-119.635
8.66	1	0	0	1	0	-119.635
8.665	1	0	0	1	0	-119.635
8.67	1	0	0	1	0	-119.635
8.675	1	0	0	1	0	-119.635
8.68	1	0	0	1	0	-119.635
8.685	1	0	0	1	0	-119.635
8.69	1	0	0	1	0	-119.635
8.695	1	0	0	1	0	-119.635
8.7	1	0	0	1	0	-119.635
8.705	1	0	0	1	0	-119.635
8.71	1	0	0	1	0	-119.635
8.715	1	0	0	1	0	-119.635
8.72	1	0	0	1	0	-119.635
8.725	1	0	0	1	0	-119.635
8.73	1	0	0	1	0	-119.635
8.735	1	0	0	1	0	-119.635
8.74	1	0	0	1	0	-119.635
8.745	1	0	0	1	0	-119.635
8.75	1	0	0	1	0	-119.635
8.755	1	0	0	1	0	-119.635
8.76	1	0	0	1	0	-119.635
8.765	1	0	0	1	0	-119.635
8.77	1	0	0	1	0	-119.635
8.775	1	0	0	1	0	-119.635
8.78	1	0	0	1	0	-119.635
8.785	1	0	0	1	0	-119.635
8.79	1	0	0	1	0	-119.635
8.795	1	0	0	1	0	-119.635
8.8	1	0	0	1	0	-119.635
8.805	1	0	0	1	0	-119.635
8.81	1	0	0	1	0	-119.635
8.815	1	0	0	1	0	-119.635
8.82	1	0	0	1	0	-119.635
8.825	1	0	0	1	0	-119.635
8.83	1	0	0	1	0	-119.635
8.835	1	0	0	1	0	-119.635
8.84	1	0	0	1	0	-119.635
8.845	1	0	0	1	0	-119.635
8.85	1	0	0	1	0	-119.635
8.855	1	0	0	1	0	-119.635
8.86	1	0	0	1	0	-119.635
8.865	1	0	0	1	0	-119.635
8.87	1	0	0	1	0	-119.635
8.875	1	0	0	1	0	-119.635
8.88	1	0	0	1	0	-119.635
8.885	1	0	0	1	0	-119.635
8.89	1	0	0	1	0	-119.635
8.895	1	0	0	1	0	-119.635
8.9	1	0	0	1	0	-119.635
8.905	1	0	0	1	0	-119.635
8.91	1	0	0	1	0	-119.635
8.915	1	0	0	1	0	-119.635
8.92	1	0	0	1	0	-119.635
8.925	1	0	0	1	0	-119.635
8.93	1	0	0	1	0	-119.635
8.935	1	0	0	1	0	-119.635
8.94	1	0	0	1	0	-119.635
8.945	1	0	0	1	0	-119.635
8.95	1	0	0	1	0	-119.635
8.955	1	0	0	1	0	-119.635
8.96	1	0	0	1	0	-119.635
8.965	1	0	0	1	0	-119.635
8.97	1	0	0	1	0	-119.635
8.975	1	0	0	1	0	-119.635
8.98	1	0	0	1	0	-119.635
8.985	1	0	0	1	0	-119.635
8.99	1	0	0	1	0	-119.635
8.995	1	0	0	1	0	-119.635
9	1	0	0	1	0	-119.635
9.005	1	0	0	1	0	-119.635
9.01	1	0	0	1	0	-119.635
9.015	1	0	0	1	0	-119.635
9.02	1	0	0	1	0	-119.635
9.025	1	0	0	1	0	-119.635
9.03	1	0	0	1	0	-119.635
9.035	1	0	0	1	0	-119.635
9.04	1	0	0	1	0	-119.635
9.045	1	0	0	1	0	-119.635
9.05	1	0	0	1	0	-119.635
9.055	1	0	0	1	0	-119.635
9.06	1	0	0	1	0	-119.635
9.065	1	0	0	1	0	-119.635
9.07	1	0	0	1	0	-119.635
9.075	1	0	0	1	0	-119.635
9.08	1	0	0	1	0	-119.635
9.085	1	0	0	1	0	-119.635
9.09	1	0	0	1	0	-119.635
9.095	1	0	0	1	0	-119.635
9.1	1	0	0	1	0	-119.635
9.105	1	0	0	1	0	-119.635
9.11	1	0	0	1	0	-119.635
9.115	1	0	0	1	0	-119.635
9.12	1	0	0	1	0	-119.635
9.125	1	0	0	1	0	-119.635
9.13	1	0	0	1	0	-119.635
9.135	1	0	0	1	0	-119.635
9.14	1	0	0	1	0	-119.635
9.145	1	0	0	1	0	-119.635
9.15	1	0	0	1	0	-119.635
9.155	1	0	0	1	0	-119.635
9.16	1	0	0	1	0	-119.635
9.165	1	0	0	1	0	-119.635
9.17	1	0	0	1	0	-119.635
9.175	1	0	0	1	0	-119.635
9.18	1	0	0	1	0	-119.635
9.185	1	0	0	1	0	-119.635
9.19	1	0	0	1	0	-119.635
9.195	1	0	0	1	0	-119.635
9.2	1	0	0	1	0	-119.635
9.205	1	0	0	1	0	-119.635
9.21	1	0	0	1	0	-119.635
9.215	1	0	0	1	0	-119.635
9.22	1	0	0	1	0	-119.635
9.225	1	0	0	1	0	-119.635
9.23	1	0	0	1	0	-119.635
9.235	1	0	0	1	0	-119.635
9.24	1	0	0	1	0	-119.635
9.245	1	0	0	1	0	-119.635
9.25	1	0	0	1	0	-119.635
9.255	1	0	0	1	0	-119.635
9.26	1	0	0	1	0	-119.635
9.265	1	0	0	1	0	-119.635
9.27	1	0	0	1	0	-119.635
9.275	1	0	0	1	0	-119.635
9.28	1	0	0	1	0	-119.635
9.285	1	0	0	1	0	-119.635
9.29	1	0	0	1	0	-119.635
9.295	1	0	0	1	0	-119.635
9.3	1	0	0	1	0	-119.635
9.305	1	0	0	1	0	-119.635
9.31	1	0	0	1	0	-119.635
9.315	1	0	0	1	0	-119.635
9.32	1	0	0	1	0	-119.635
9.325	1	0	0	1	0	-119.635
9.33	1	0	0	1	0	-119.635
9.335	1	0	0	1	0	-119.635
9.34	1	0	0	1	0	-119.635
9.345	1	0	0	1	0	-119.635
9.35	1	0	0	1	0	-119.635
9.355	1	0	0	1	0	-119.635
9.36	1	0	0	1	0	-119.635
9.365	1	0	0	1	0	-119.635
9.37	1	0	0	1	0	-119.635
9.375	1	0	0	1	0	-119.635
9.38	1	0	0	1	0	-119.635
9.385	1	0	0	1	0	-119.635
9.39	1	0	0	1	0	-119.635
9.395	1	0	0	1	0	-119.635
9.4	1	0	0	1	0	-119.635
9.405	1	0	0	1	0	-119.635
9.41	1	0	0	1	0	-119.635
9.415	1	0	0	1	0	-119.635
9.42	1	0	0	1	0	-119.635
9.425	1	0	0	1	0	-119.635
9.43	1	0	0	1	0	-119.635
9.435	1	0	0	1	0	-119.635
9.44	1	0	0	1	0	-119.635
9.445	1	0	0	1	0	-119.635
9.45	1	0	0	1	0	-119.635
9.455	1	0	0	1	0	-119.635
9.46	1	0	0	1	0	-119.635
9.465	1	0	0	1	0	-119.635
9.47	1	0	0	1	0	-119.635
9.475	1	0	0	1	0	-119.635
9.48	1	0	0	1	0	-119.635
9.485	1	0	0	1	0	-119.635
9.49	1	0	0	1	0	-119.635
9.495	1	0	0	1	0	-119.635
9.5	1	0	0	1	0	-119.635
9.505	1	0	0	1	0	-119.635
9.51	1	0	0	1	0	-119.635
9.515	1	0	0	1	0	-119.635
9.52	1	0	0	1	0	-119.635
9.525	1	0	0	1	0	-119.635
9.53	1	0	0	1	0	-119.635
9.535	1	0	0	1	0	-119.635
9.54	1	0	0	1	0	-119.635
9.545	1	0	0	1	0	-119.635
9.55	1	0	0	1	0	-119.635
9.555	1	0	0	1	0	-119.635
9.56	1	0	0	1	0	-119.635
9.565	1	0	0	1	0	-119.635
9.57	1	0	0	1	0	-119.635
9.575	1	0	0	1	0	-119.635
9.58	1	0	0	1	0	-119.635
9.585	1	0	0	1	0	-119.635
9.59	1	0	0	1	0	-119.635
9.595	1	0	0	1	0	-119.635
9.6	1	0	0	1	0	-119.635
9.605	1	0	0	1	0	-119.635
9.61	1	0	0	1	0	-119.635
9.615	1	0	0	1	0	-119.635
9.62	1	0	0	1	0	-119.635
9.625	1	0	0	1	0	-119.635
9.63	1	0	0	1	0	-119.635
9.635	1	0	0	1	0	-119.635
9.64	1	0	0	1	0	-119.635
9.645	1	0	0	1	0	-119.635
9.65	1	0	0	1	0	-119.635
9.655	1	0	0	1	0	-119.635
9.66	1	0	0	1	0	-119.635
9.665	1	0	0	1	0	-119.635
9.67	1	0	0	1	0	-119.635
9.675	1	0	0	1	0	-119.635
9.68	1	0	0	1	0	-119.635
9.685	1	0	0	1	0	-119.635
9.69	1	0	0	1	0	-119.635
9.695	1	0	0	1	0	-119.635
9.7	1	0	0	1	0	-119.635
9.705	1	0	0	1	0	-119.635
9.71	1	0	0	1	0	-119.635
9.715	1	0	0	1	0	-119.635
9.72	1	0	0	1	0	-119.635
9.725	1	0	0	1	0	-119.635
9.73	1	0	0	1	0	-119.635
9.735	1	0	0	1	0	-119.635
9.74	1	0	0	1	0	-119.635
9.745	1	0	0	1	0	-119.635
9.75	1	0	0	1	0	-119.635
9.755	1	0	0	1	0	-119.635
9.76	1	0	0	1	0	-119.635
9.765	1	0	0	1	0	-119.635
9.77	1	0	0	1	0	-119.635
9.775	1	0	0	1	0	-119.635
9.78	1	0	0	1	0	-119.635
9.785	1	0	0	1	0	-119.635
9.79	1	0	0	1	0	-119.635
9.795	1	0	0	1	0	-119.635
9.8	1	0	0	1	0	-119.635
9.805	1	0	0	1	0	-119.635
9.81	1	0	0	1	0	-119.635
9.815	1	0	0	1	0	-119.635
9.82	1	0	0	1	0	-119.635
9.825	1	0	0	1	0	-119.635
9.83	1	0	0	1	0	-119.635
9.835	1	0	0	1	0	-119.635
9.84	1	0	0	1	0	-119.635
9.845	1	0	0	1	0	-119.635
9.85	1	0	0	1	0	-119.635
9.855	1	0	0	1	0	-119.635
9.86	1	0	0	1	0	-119.635
9.865	1	0	0	1	0	-119.635
9.87	1	0	0	1	0	-119.635
9.875	1	0	0	1	0	-119.635
9.88	1	0	0	1	0	-119.635
9.885	1	0	0	1	0	-119.635
9.89	1	0	0	1	0	-119.635
9.895	1	0	0	1	0	-119.635
9.9	1	0	0	1	0	-119.635
9.905	1	0	0	1	0	-119.635
9.91	1	0	0	1	0	-119.635
9.915	1	0	0	1	0	-119.635
9.92	1	0	0	1	0	-119.635
9.925	1	0	0	1	0	-119.635
9.93	1	0	0	1	0	-119.635
9.935	1	0	0	1	0	-119.635
9.94	1	0	0	1	0	-119.635
9.945	1	0	0	1	0	-119.635
9.95	1	0	0	1	0	-119.635
9.955	1	0	0	1	0	-119.635
9.96	1	0	0	1	0	-119.635
9.965	1	0	0	1	0	-119.635
9.97	1	0	0	1	0	-119.635
9.975	1	0	0	1	0	-119.635
9.98	1	0	0	1	0	-119.635
9.985	1	0	0	1	0	-119.635
9.99	1	0	0	1	0	-119.635
9.995	1	0	0	1	0	-119.635
10	1	0	0	1	0	-119.635
10.005	1	0	0	1	0	-119.635
10.01	1	0	0	1	0	-119.635
10.015	1	0	0	1	0	-119.635
10.02	1	0	0	1	0	-119.635
10.025	1	0	0	1	0	-119.635
10.03	1	0	0	1	0	-119.635
10.035	1	0	0	1	0	-119.635
10.04	1	0	0	1	0	-119.635
10.045	1	0	0	1	0	-119.635
10.05	1	0	0	1	0	-119.635
10.055	1	0	0	1	0	-119.635
10.06	1	0	0	1	0	-119.635
10.065	1	0	0	1	0	-119.635
10.07	1	0	0	1	0	-119.635
10.075	1	0	0	1	0	-119.635
10.08	1	0	0	1	0	-119.635
10.085	1	0	0	1	0	-119.635
10.09	1	0	0	1	0	-119.635
10.095	1	0	0	1	0	-119.635
10.1	1	0	0	1	0	-119.635
10.105	1	0	0	1	0	-119.635
10.11	1	0	0	1	0	-119.635
10.115	1	0	0	1	0	-119.635
10.12	1	0	0	1	0	-119.635
10.125	1	0	0	1	0	-119.635
10.13	1	0	0	1	0	-119.635
10.135	1	0	0	1	0	-119.635
10.14	1	0	0	1	0	-119.635
10.145	1	0	0	1	0	-119.635
10.15	1	0	0	1	0	-119.635
10.155	1	0	0	1	0	-119.635
10.16	1	0	0	1	0	-119.635
10.165	1	0	0	1	0	-119.635
10.17	1	0	0	1	0	-119.635
10.175	1	0	0	1	0	-119.635
10.18	1	0	0	1	0	-119.635
10.185	1	0	0	1	0	-119.635
10.19	1	0	0	1	0	-119.635
10.195	1	0	0	1	0	-119.635
10.2	1	0	0	1	0	-119.635
10.205	1	0	0	1	0	-119.635
10.21	1	0	0	1	0	-119.635
10.215	1	0	0	1	0	-119.635
10.22	1	0	0	1	0	-119.635
10.225	1	0	0	1	0	-119.635
10.23	1	0	0	1	0	-119.635
10.235	1	0	0	1	0	-119.635
10.24	1	0	0	1	0	-119.635
10.245	1	0	0	1	0	-119.635
10.25	1	0	0	1	0	-119.635
10.255	1	0	0	1	0	-119.635
10.26	1	0	0	1	0	-119.635
10.265	1	0	0	1	0	-119.635
10.27	1	0	0	1	0	-119.635
10.275	1	0	0	1	0	-119.635
10.28	1	0	0	1	0	-119.635
10.285	1	0	0	1	0	-119.635
10.29	1	0	0	1	0	-119.635
10.295	1	0	0	1	0	-119.635
10.3	1	0	0	1	0	-119.635
10.305	1	0	0	1	0	-119.635
10.31	1	0	0	1	0	-119.635
10.315	1	0	0	1	0	-119.635
10.32	1	0	0	1	0	-119.635
10.325	1	0	0	1	0	-119.635
10.33	1	0	0	1	0	-119.635
10.335	1	0	0	1	0	-119.635
10.34	1	0	0	1	0	-119.635
10.345	1	0	0	1	0	-119.635
10.35	1	0	0	1	0	-119.635
10.355	1	0	0	1	0	-119.635
10.36	1	0	0	1	0	-119.635
10.365	1	0	0	1	0	-119.635
10.37	1	0	0	1	0	-119.635
10.375	1	0	0	1	0	-119.635
10.38	1	0	0	1	0	-119.635
10.385	1	0	0	1	0	-119.635
10.39	1	0	0	1	0	-119.635
10.395	1	0	0	1	0	-119.635
10.4	1	0	0	1	0	-119.635
10.405	1	0	0	1	0	-119.635
10.41	1	0	0	1	0	-119.635
10.415	1	0	0	1	0	-119.635
10.42	1	0	0	1	0	-119.635
10.425	1	0	0	1	0	-119.635
10.43	1	0	0	1	0	-119.635
10.435	1	0	0	1	0	-119.635
10.44	1	0	0	1	0	-119.635
10.445	1	0	0	1	0	-119.635
10.45	1	0	0	1	0	-119.635
10.455	1	0	0	1	0	-119.635
10.46	1	0	0	1	0	-119.635
10.465	1	0	0	1	0	-119.635
10.47	1	0	0	1	0	-119.635
10.475	1	0	0	1	0	-119.635
10.48	1	0	0	1	0	-119.635
10.485	1	0	0	1	0	-119.635
10.49	1	0	0	1	0	-119.635
10.495	1	0	0	1	0	-119.635
10.5	1	0	0	1	0	-119.635
10.505	1	0	0	1	0	-119.635
10.51	1	0	0	1	0	-119.635
10.515	1	0	0	1	0	-119.635
10.52	1	0	0	1	0	-119.635
10.525	1	0	0	1	0	-119.635
10.53	1	0	0	1	0	-119.635
10.535	1	0	0	1	0	-119.635
10.54	1	0	0	1	0	-119.635
10.545	1	0	0	1	0	-119.635
10.55	1	0	0	1	0	-119.635
10.555	1	0	0	1	0	-119.635
10.56	1	0	0	1	0	-119.635
10.565	1	0	0	1	0	-119.635
10.57	1	0	0	1	0	-119.635
10.575	1	0	0	1	0	-119.635
10.58	1	0	0	1	0	-119.635
10.585	1	0	0	1	0	-119.635
10.59	1	0	0	1	0	-119.635
10.595	1	0	0	1	0	-119.635
10.6	1	0	0	1	0	-119.635
10.605	1	0	0	1	0	-119.635
10.61	1	0	0	1	0	-119.635
10.615	1	0	0	1	0	-119.635
10.62	1	0	0	1	0	-119.635
10.625	1	0	0	1	0	-119.635
10.63	1	0	0	1	0	-119.635
10.635	1	0	0	1	0	-119.635
10.64	1	0	0	1	0	-119.635
10.645	1	0	0	1	0	-119.635
10.65	1	0	0	1	0	-119.635
10.655	1	0	0	1	0	-119.635
10.66	1	0	0	1	0	-119.635
10.665	1	0	0	1	0	-119.635
10.67	1	0	0	1	0	-119.635
10.675	1	0	0	1	0	-119.635
10.68	1	0	0	1	0	-119.635
10.685	1	0	0	1	0	-119.635
10.69	1	0	0	1	0	-119.635
10.695	1	0	0	1	0	-119.635
10.7	1	0	0	1	0	-119.635
10.705	1	0	0	1	0	-119.635
10.71	1	0	0	1	0	-119.635
10.715	1	0	0	1	0	-119.635
10.72	1	0	0	1	0	-119.635
10.725	1	0	0	1	0	-119.635
10.73	1	0	0	1	0	-119.635
10.735	1	0	0	1	0	-119.635
10.74	1	0	0	1	0	-119.635
10.745	1	0	0	1	0	-119.635
10.75	1	0	0	1	0	-119.635
10.755	1	0	0	1	0	-119.635
10.76	1	0	0	1	0	-119.635
10.765	1	0	0	1	0	-119.635
10.77	1	0	0	1	0	-119.635
10.775	1	0	0	1	0	-119.635
10.78	1	0	0	1	0	-119.635
10.785	1	0	0	1	0	-119.635
10.79	1	0	0	1	0	-119.635
10.795	1	0	0	1	0	-119.635
10.8	1	0	0	1	0	-119.635
10.805	1	0	0	1	0	-119.635
10.81	1	0	0	1	0	-119.635
10.815	1	0	0	1	0	-119.635
10.82	1	0	0	1	0	-119.635
10.825	1	0	0	1	0	-119.635
10.83	1	0	0	1	0	-119.635
10.835	1	0	0	1	0	-119.635
10.84	1	0	0	1	0	-119.635
10.845	1	0	0	1	0	-119.635
10.85	1	0	0	1	0	-119.635
10.855	1	0	0	1	0	-119.635
10.86	1	0	0	1	0	-119.635
10.865	1	0	0	1	0	-119.635
10.87	1	0	0	1	0	-119.635
10.875	1	0	0	1	0	-119.635
10.88	1	0	0	1	0	-119.635
10.885	1	0	0	1	0	-119.635
10.89	1	0	0	1	0	-119.635
10.895	1	0	0	1	0	-119.635
10.9	1	0	0	1	0	-119.635
10.905	1	0	0	1	0	-119.635
10.91	1	0	0	1	0	-119.635
10.915	1	0	0	1	0	-119.635
10.92	1	0	0	1	0	-119.635
10.925	1	0	0	1	0	-119.635
10.93	1	0	0	1	0	-119.635
10.935	1	0	0	1	0	-119.635
10.94	1	0	0	1	0	-119.635
10.945	1	0	0	1	0	-119.635
10.95	1	0	0	1	0	-119.635
10.955	1	0	0	1	0	-119.635
10.96	1	0	0	1	0	-119.635
10.965	1	0	0	1	0	-119.635
10.97	1	0	0	1	0	-119.635
10.975	1	0	0	1	0	-119.635
10.98	1	0	0	1	0	-119.635
10.985	1	0	0	1	0	-119.635
10.99	1	0	0	1	0	-119.635
10.995	1	0	0	1	0	-119.635
11	1	0	0	1	0	-119.635
11.005	1	0	0	1	0	-119.635
11.01	1	0	0	1	0	-119.635
11.015	1	0	0	1	0	-119.635
11.02	1	0	0	1	0	-119.635
11.025	1	0	0	1	0	-119.635
11.03	1	0	0	1	0	-119.635
11.035	1	0	0	1	0	-119.635
11.04	1	0	0	1	0	-119.635
11.045	1	0	0	1	0	-119.635
11.05	1	0	0	1	0	-119.635
11.055	1	0	0	1	0	-119.635
11.06	1	0	0	1	0	-119.635
11.065	1	0	0	1	0	-119.635
11.07	1	0	0	1	0	-119.635
11.075	1	0	0	1	0	-119.635
11.08	1	0	0	1	0	-119.635
11.085	1	0	0	1	0	-119.635
11.09	1	0	0	1	0	-119.635
11.095	1	0	0	1	0	-119.635
11.1	1	0	0	1	0	-119.635
11.105	1	0	0	1	0	-119.635
11.11	1	0	0	1	0	-119.635
11.115	1	0	0	1	0	-119.635
11.12	1	0	0	1	0	-119.635
11.125	1	0	0	1	0	-119.635
11.13	1	0	0	1	0	-119.635
11.135	1	0	0	1	0	-119.635
11.14	1	0	0	1	0	-119.635
11.145	1	0	0	1	0	-119.635
11.15	1	0	0	1	0	-119.635
11.155	1	0	0	1	0	-119.635
11.16	1	0	0	1	0	-119.635
11.165	1	0	0	1	0	-119.635
11.17	1	0	0	1	0	-119.635
11.175	1	0	0	1	0	-119.635
11.18	1	0	0	1	0	-119.635
11.185	1	0	0	1	0	-119.635
11.19	1	0	0	1	0	-119.635
11.195	1	0	0	1	0	-119.635
11.2	1	0	0	1	0	-119.635
11.205	1	0	0	1	0	-119.635
11.21	1	0	0	1	0	-119.635
11.215	1	0	0	1	0	-119.635
11.22	1	0	0	1	0	-119.635
11.225	1	0	0	1	0	-119.635
11.23	1	0	0	1	0	-119.635
11.235	1	0	0	1	0	-119.635
11.24	1	0	0	1	0	-119.635
11.245	1	0	0	1	0	-119.635
11.25	1	0	0	1	0	-119.635
11.255	1	0	0	1	0	-119.635
11.26	1	0	0	1	0	-119.635
11.265	1	0	0	1	0	-119.635
11.27	1	0	0	1	0	-119.635
11.275	1	0	0	1	0	-119.635
11.28	1	0	0	1	0	-119.635
11.285	1	0	0	1	0	-119.635
11.29	1	0	0	1	0	-119.635
11.295	1	0	0	1	0	-119.635
11.3	1	0	0	1	0	-119.635
11.305	1	0	0	1	0	-119.635
11.31	1	0	0	1	0	-119.635
11.315	1	0	0	1	0	-119.635
11.32	1	0	0	1	0	-119.635
11.325	1	0	0	1	0	-119.635
11.33	1	0	0	1	0	-119.635
11.335	1	0	0	1	0	-119.635
11.34	1	0	0	1	0	-119.635
11.345	1	0	0	1	0	-119.635
11.35	1	0	0	1	0	-119.635
11.355	1	0	0	1	0	-119.635
11.36	1	0	0	1	0	-119.635
11.365	1	0	0	1	0	-119.635
11.37	1	0	0	1	0	-119.635
11.375	1	0	0	1	0	-119.635
11.38	1	0	0	1	0	-119.635
11.385	1	0	0	1	0	-119.635
11.39	1	0	0	1	0	-119.635
11.395	1	0	0	1	0	-119.635
11.4	1	0	0	1	0	-119.635
11.405	1	0	0	1	0	-119.635
11.41	1	0	0	1	0	-119.635
11.415	1	0	0	1	0	-119.635
11.42	1	0	0	1	0	-119.635
11.425	1	0	0	1	0	-119.635
11.43	1	0	0	1	0	-119.635
11.435	1	0	0	1	0	-119.635
11.44	1	0	0	1	0	-119.635
11.445	1	0	0	1	0	-119.635
11.45	1	0	0	1	0	-119.635
11.455	1	0	0	1	0	-119.635
11.46	1	0	0	1	0	-119.635
11.465	1	0	0	1	0	-119.635
11.47	1	0	0	1	0	-119.635
11.475	1	0	0	1	0	-119.635
11.48	1	0	0	1	0	-119.635
11.485	1	0	0	1	0	-119.635
11.49	1	0	0	1	0	-119.635
11.495	1	0	0	1	0	-119.635
11.5	1	0	0	1	0	-119.635
11.505	1	0	0	1	0	-119.635
11.51	1	0	0	1	0	-119.635
11.515	1	0	0	1	0	-119.635
11.52	1	0	0	1	0	-119.635
11.525	1	0	0	1	0	-119.635
11.53	1	0	0	1	0	-119.635
11.535	1	0	0	1	0	-119.635
11.54	1	0	0	1	0	-119.635
11.545	1	0	0	1	0	-119.635
11.55	1	0	0	1	0	-119.635
11.555	1	0	0	1	0	-119.635
11.56	1	0	0	1	0	-119.635
11.565	1	0	0	1	0	-119.635
11.57	1	0	0	1	0	-119.635
11.575	1	0	0	1	0	-119.635
11.58	1	0	0	1	0	-119.635
11.585	1	0	0	1	0	-119.635
11.59	1	0	0	1	0	-119.635
11.595	1	0	0	1	0	-119.635
11.6	1	0	0	1	0	-119.635
11.605	1	0	0	1	0	-119.635
11.61	1	0	0	1	0	-119.635
11.615	1	0	0	1	0	-119.635
11.62	1	0	0	1	0	-119.635
11.625	1	0	0	1	0	-119.635
11.63	1	0	0	1	0	-119.635
11.635	1	0	0	1	0	-119.635
11.64	1	0	0	1	0	-119.635
11.645	1	0	0	1	0	-119.635
11.65	1	0	0	1	0	-119.635
11.655	1	0	0	1	0	-119.635
11.66	1	0	0	1	0	-119.635
11.665	1	0	0	1	0	-119.635
11.67	1	0	0	1	0	-119.635
11.675	1	0	0	1	0	-119.635
11.68	1	0	0	1	0	-119.635
11.685	1	0	0	1	0	-119.635
11.69	1	0	0	1	0	-119.635
11.695	1	0	0	1	0	-119.635
11.7	1	0	0	1	0	-119.635
11.705	1	0	0	1	0	-119.635
11.71	1	0	0	1	0	-119.635
11.715	1	0	0	1	0	-119.635
11.72	1	0	0	1	0	-119.635
11.725	1	0	0	1	0	-119.635
11.73	1	0	0	1	0	-119.635
11.735	1	0	0	1	0	-119.635
11.74	1	0	0	1	0	-119.635
11.745	1	0	0	1	0	-119.635
11.75	1	0	0	1	0	-119.635
11.755	1	0	0	1	0	-119.635
11.76	1	0	0	1	0	-119.635
11.765	1	0	0	1	0	-119.635
11.77	1	0	0	1	0	-119.635
11.775	1	0	0	1	0	-119.635
11.78	1	0	0	1	0	-119.635
11.785	1	0	0	1	0	-119.635
11.79	1	0	0	1	0	-119.635
11.795	1	0	0	1	0	-119.635
11.8	1	0	0	1	0	-119.635
11.805	1	0	0	1	0	-119.635
11.81	1	0	0	1	0	-119.635
11.815	1	0	0	1	0	-119.635
11.82	1	0	0	1	0	-119.635
11.825	1	0	0	1	0	-119.635
11.83	1	0	0	1	0	-119.635
11.835	1	0	0	1	0	-119.635
11.84	1	0	0	1	0	-119.635
11.845	1	0	0	1	0	-119.635
11.85	1	0	0	1	0	-119.635
11.855	1	0	0	1	0	-119.635
11.86	1	0	0	1	0	-119.635
11.865	1	0	0	1	0	-119.635
11.87	1	0	0	1	0	-119.635
11.875	1	0	0	1	0	-119.635
11.88	1	0	0	1	0	-119.635
11.885	1	0	0	1	0	-119.635
11.89	1	0	0	1	0	-119.635
11.895	1	0	0	1	0	-119.635
11.9	1	0	0	1	0	-119.635
11.905	1	0	0	1	0	-119.635
11.91	1	0	0	1	0	-119.635
11.915	1	0	0	1	0	-119.635
11.92	1	0	0	1	0	-119.635
11.925	1	0	0	1	0	-119.635
11.93	1	0	0	1	0	-119.635
11.935	1	0	0	1	0	-119.635
11.94	1	0	0	1	0	-119.635
11.945	1	0	0	1	0	-119.635
11.95	1	0	0	1	0	-119.635
11.955	1	0	0	1	0	-119.635
11.96	1	0	0	1	0	-119.635
11.965	1	0	0	1	0	-119.635
11.97	1	0	0	1	0	-119.635
11.975	1	0	0	1	0	-119.635
11.98	1	0	0	1	0	-119.635
11.985	1	0	0	1	0	-119.635
11.99	1	0	0	1	0	-119.635
11.995	1	0	0	1	0	-119.635
12	1	0	0	1	0	-119.635
12.005	1	0	0	1	0	-119.635
12.01	1	0	0	1	0	-119.635
12.015	1	0	0	1	0	-119.635
12.02	1	0	0	1	0	-119.635
12.025	1	0	0	1	0	-119.635
12.03	1	0	0	1	0	-119.635
12.035	1	0	0	1	0	-119.635
12.04	1	0	0	1	0	-119.635
12.045	1	0	0	1	0	-119.635
12.05	1	0	0	1	0	-119.635
12.055	1	0	0	1	0	-119.635
12.06	1	0	0	1	0	-119.635
12.065	1	0	0	1	0	-119.635
12.07	1	0	0	1	0	-119.635
12.075	1	0	0	1	0	-119.635
12.08	1	0	0	1	0	-119.635
12.085	1	0	0	1	0	-119.635
12.09	1	0	0	1	0	-119.635
12.095	1	0	0	1	0	-119.635
12.1	1	0	0	1	0	-119.635
12.105	1	0	0	1	0	-119.635
12.11	1	0	0	1	0	-119.635
12.115	1	0	0	1	0	-119.635
12.12	1	0	0	1	0	-119.635
12.125	1	0	0	1	0	-119.635
12.13	1	0	0	1	0	-119.635
12.135	1	0	0	1	0	-119.635
12.14	1	0	0	1	0	-119.635
12.145	1	0	0	1	0	-119.635
12.15	1	0	0	1	0	-119.635
12.155	1	0	0	1	0	-119.635
12.16	1	0	0	1	0	-119.635
12.165	1	0	0	1	0	-119.635
12.17	1	0	0	1	0	-119.635
12.175	1	0	0	1	0	-119.635
12.18	1	0	0	1	0	-119.635
12.185	1	0	0	1	0	-119.635
12.19	1	0	0	1	0	-119.635
12.195	1	0	0	1	0	-119.635
12.2	1	0	0	1	0	-119.635
12.205	1	0	0	1	0	-119.635
12.21	1	0	0	1	0	-119.635
12.215	1	0	0	1	0	-119.635
12.22	1	0	0	1	0	-119.635
12.225	1	0	0	1	0	-119.635
12.23	1	0	0	1	0	-119.635
12.235	1	0	0	1	0	-119.635
12.24	1	0	0	1	0	-119.635
12.245	1	0	0	1	0	-119.635
12.25	1	0	0	1	0	-119.635
12.255	1	0	0	1	0	-119.635
12.26	1	0	0	1	0	-119.635
12.265	1	0	0	1	0	-119.635
12.27	1	0	0	1	0	-119.635
12.275	1	0	0	1	0	-119.635
12.28	1	0	0	1	0	-119.635
12.285	1	0	0	1	0	-119.635
12.29	1	0	0	1	0	-119.635
12.295	1	0	0	1	0	-119.635
12.3	1	0	0	1	0	-119.635
12.305	1	0	0	1	0	-119.635
12.31	1	0	0	1	0	-119.635
12.315	1	0	0	1	0	-119.635
12.32	1	0	0	1	0	-119.635
12.325	1	0	0	1	0	-119.635
12.33	1	0	0	1	0	-119.635
12.335	1	0	0	1	0	-119.635
12.34	1	0	0	1	0	-119.635
12.345	1	0	0	1	0	-119.635
12.35	1	0	0	1	0	-119.635
12.355	1	0	0	1	0	-119.635
12.36	1	0	0	1	0	-119.635
12.365	1	0	0	1	0	-119.635
12.37	1	0	0	1	0	-119.635
12.375	1	0	0	1	0	-119.635
12.38	1	0	0	1	0	-119.635
12.385	1	0	0	1	0	-119.635
12.39	1	0	0	1	0	-119.635
12.395	1	0	0	1	0	-119.635
12.4	1	0	0	1	0	-119.635
12.405	1	0	0	1	0	-119.635
12.41	1	0	0	1	0	-119.635
12.415	1	0	0	1	0	-119.635
12.42	1	0	0	1	0	-119.635
12.425	1	0	0	1	0	-119.635
12.43	1	0	0	1	0	-119.635
12.435	1	0	0	1	0	-119.635
12.44	1	0	0	1	0	-119.635
12.445	1	0	0	1	0	-119.635
12.45	1	0	0	1	0	-119.635
12.455	1	0	0	1	0	-119.635
12.46	1	0	0	1	0	-119.635
12.465	1	0	0	1	0	-119.635
12.47	1	0	0	1	0	-119.635
12.475	1	0	0	1	0	-119.635
12.48	1	0	0	1	0	-119.635
12.485	1	0	0	1	0	-119.635
12.49	1	0	0	1	0	-119.635
12.495	1	0	0	1	0	-119.635
12.5	1	0	0	1	0	-119.635
12.505	1	0	0	1	0	-119.635
12.51	1	0	0	1	0	-119.635
12.515	1	0	0	1	0	-119.635
12.52	1	0	0	1	0	-119.635
12.525	1	0	0	1	0	-119.635
12.53	1	0	0	1	0	-119.635
12.535	1	0	0	1	0	-119.635
12.54	1	0	0	1	0	-119.635
12.545	1	0	0	1	0	-119.635
12.55	1	0	0	1	0	-119.635
12.555	1	0	0	1	0	-119.635
12.56	1	0	0	1	0	-119.635
12.565	1	0	0	1	0	-119.635
12.57	1	0	0	1	0	-119.635
12.575	1	0	0	1	0	-119.635
12.58	1	0	0	1	0	-119.635
12.585	1	0	0	1	0	-119.635
12.59	1	0	0	1	0	-119.635
12.595	1	0	0	1	0	-119.635
12.6	1	0	0	1	0	-119.635
12.605	1	0	0	1	0	-119.635
12.61	1	0	0	1	0	-119.635
12.615	1	0	0	1	0	-119.635
12.62	1	0	0	1	0	-119.635
12.625	1	0	0	1	0	-119.635
12.63	1	0	0	1	0	-119.635
12.635	1	0	0	1	0	-119.635
12.64	1	0	0	1	0	-119.635
12.645	1	0	0	1	0	-119.635
12.65	1	0	0	1	0	-119.635
12.655	1	0	0	1	0	-119.635
12.66	1	0	0	1	0	-119.635
12.665	1	0	0	1	0	-119.635
12.67	1	0	0	1	0	-119.635
12.675	1	0	0	1	0	-119.635
12.68	1	0	0	1	0	-119.635
12.685	1	0	0	1	0	-119.635
12.69	1	0	0	1	0	-119.635
12.695	1	0	0	1	0	-119.635
12.7	1	0	0	1	0	-119.635
12.705	1	0	0	1	0	-119.635
12.71	1	0	0	1	0	-119.635
12.715	1	0	0	1	0	-119.635
12.72	1	0	0	1	0	-119.635
12.725	1	0	0	1	0	-119.635
12.73	1	0	0	1	0	-119.635
12.735	1	0	0	1	0	-119.635
12.74	1	0	0	1	0	-119.635
12.745	1	0	0	1	0	-119.635
12.75	1	0	0	1	0	-119.635
12.755	1	0	0	1	0	-119.635
12.76	1	0	0	1	0	-119.635
12.765	1	0	0	1	0	-119.635
12.77	1	0	0	1	0	-119.635
12.775	1	0	0	1	0	-119.635
12.78	1	0	0	1	0	-119.635
12.785	1	0	0	1	0	-119.635
12.79	1	0	0	1	0	-119.635
12.795	1	0	0	1	0	-119.635
12.8	1	0	0	1	0	-119.635
12.805	1	0	0	1	0	-119.635
12.81	1	0	0	1	0	-119.635
12.815	1	0	0	1	0	-119.635
12.82	1	0	0	1	0	-119.635
12.825	1	0	0	1	0	-119.635
12.83	1	0	0	1	0	-119.635
12.835	1	0	0	1	0	-119.635
12.84	1	0	0	1	0	-119.635
12.845	1	0	0	1	0	-119.635
12.85	1	0	0	1	0	-119.635
12.855	1	0	0	1	0	-119.635
12.86	1	0	0	1	0	-119.635
12.865	1	0	0	1	0	-119.635
12.87	1	0	0	1	0	-119.635
12.875	1	0	0	1	0	-119.635
12.88	1	0	0	1	0	-119.635
12.885	1	0	0	1	0	-119.635
12.89	1	0	0	1	0	-119.635
12.895	1	0	0	1	0	-119.635
12.9	1	0	0	1	0	-119.635
12.905	1	0	0	1	0	-119.635
12.91	1	0	0	1	0	-119.635
12.915	1	0	0	1	0	-119.635
12.92	1	0	0	1	0	-119.635
12.925	1	0	0	1	0	-119.635
12.93	1	0	0	1	0	-119.635
12.935	1	0	0	1	0	-119.635
12.94	1	0	0	1	0	-119.635
12.945	1	0	0	1	0	-119.635
12.95	1	0	0	1	0	-119.635
12.955	1	0	0	1	0	-119.635
12.96	1	0	0	1	0	-119.635
12.965	1	0	0	1	0	-119.635
12.97	1	0	0	1	0	-119.635
12.975	1	0	0	1	0	-119.635
12.98	1	0	0	1	0	-119.635
12.985	1	0	0	1	0	-119.635
12.99	1	0	0	1	0	-119.635
12.995	1	0	0	1	0	-119.635
13	1	0	0	1	0	-119.635
13.005	1	0	0	1	0	-119.635
13.01	1	0	0	1	0	-119.635
13.015	1	0	0	1	0	-119.635
13.02	1	0	0	1	0	-119.635
13.025	1	0	0	1	0	-119.635
13.03	1	0	0	1	0	-119.635
13.035	1	0	0	1	0	-119.635
13.04	1	0	0	1	0	-119.635
13.045	1	0	0	1	0	-119.635
13.05	1	0	0	1	0	-119.635
13.055	1	0	0	1	0	-119.635
13.06	1	0	0	1	0	-119.635
13.065	1	0	0	1	0	-119.635
13.07	1	0	0	1	0	-119.635
13.075	1	0	0	1	0	-119.635
13.08	1	0	0	1	0	-119.635
13.085	1	0	0	1	0	-119.635
13.09	1	0	0	1	0	-119.635
13.095	1	0	0	1	0	-119.635
13.1	1	0	0	1	0	-119.635
13.105	1	0	0	1	0	-119.635
13.11	1	0	0	1	0	-119.635
13.115	1	0	0	1	0	-119.635
13.12	1	0	0	1	0	-119.635
13.125	1	0	0	1	0	-119.635
13.13	1	0	0	1	0	-119.635
13.135	1	0	0	1	0	-119.635
13.14	1	0	0	1	0	-119.635
13.145	1	0	0	1	0	-119.635
13.15	1	0	0	1	0	-119.635
13.155	1	0	0	1	0	-119.635
13.16	1	0	0	1	0	-119.635
13.165	1	0	0	1	0	-119.635
13.17	1	0	0	1	0	-119.635
13.175	1	0	0	1	0	-119.635
13.18	1	0	0	1	0	-119.635
13.185	1	0	0	1	0	-119.635
13.19	1	0	0	1	0	-119.635
13.195	1	0	0	1	0	-119.635
13.2	1	0	0	1	0	-119.635
13.205	1	0	0	1	0	-119.635
13.21	1	0	0	1	0	-119.635
13.215	1	0	0	1	0	-119.635
13.22	1	0	0	1	0	-119.635
13.225	1	0	0	1	0	-119.635
13.23	1	0	0	1	0	-119.635
13.235	1	0	0	1	0	-119.635
13.24	1	0	0	1	0	-119.635
13.245	1	0	0	1	0	-119.635
13.25	1	0	0	1	0	-119.635
13.255	1	0	0	1	0	-119.635
13.26	1	0	0	1	0	-119.635
13.265	1	0	0	1	0	-119.635
13.27	1	0	0	1	0	-119.635
13.275	1	0	0	1	0	-119.635
13.28	1	0	0	1	0	-119.635
13.285	1	0	0	1	0	-119.635
13.29	1	0	0	1	0	-119.635
13.295	1	0	0	1	0	-119.635
13.3	1	0	0	1	0	-119.635
13.305	1	0	0	1	0	-119.635
13.31	1	0	0	1	0	-119.635
13.315	1	0	0	1	0	-119.635
13.32	1	0	0	1	0	-119.635
13.325	1	0	0	1	0	-119.635
13.33	1	0	0	1	0	-119.635
13.335	1	0	0	1	0	-119.635
13.34	1	0	0	1	0	-119.635
13.345	1	0	0	1	0	-119.635
13.35	1	0	0	1	0	-119.635
13.355	1	0	0	1	0	-119.635
13.36	1	0	0	1	0	-119.635
13.365	1	0	0	1	0	-119.635
13.37	1	0	0	1	0	-119.635
13.375	1	0	0	1	0	-119.635
13.38	1	0	0	1	0	-119.635
13.385	1	0	0	1	0	-119.635
13.39	1	0	0	1	0	-119.635
13.395	1	0	0	1	0	-119.635
13.4	1	0	0	1	0	-119.635
13.405	1	0	0	1	0	-119.635
13.41	1	0	0	1	0	-119.635
13.415	1	0	0	1	0	-119.635
13.42	1	0	0	1	0	-119.635
13.425	1	0	0	1	0	-119.635
13.43	1	0	0	1	0	-119.635
13.435	1	0	0	1	0	-119.635
13.44	1	0	0	1	0	-119.635
13.445	1	0	0	1	0	-119.635
13.45	1	0	0	1	0	-119.635
13.455	1	0	0	1	0	-119.635
13.46	1	0	0	1	0	-119.635
13.465	1	0	0	1	0	-119.635
13.47	1	0	0	1	0	-119.635
13.475	1	0	0	1	0	-119.635
13.48	1	0	0	1	0	-119.635
13.485	1	0	0	1	0	-119.635
13.49	1	0	0	1	0	-119.635
13.495	1	0	0	1	0	-119.635
13.5	1	0	0	1	0	-119.635
13.505	1	0	0	1	0	-119.635
13.51	1	0	0	1	0	-119.635
13.515	1	0	0	1	0	-119.635
13.52	1	0	0	1	0	-119.635
13.525	1	0	0	1	0	-119.635
13.53	1	0	0	1	0	-119.635
13.535	1	0	0	1	0	-119.635
13.54	1	0	0	1	0	-119.635
13.545	1	0	0	1	0	-119.635
13.55	1	0	0	1	0	-119.635
13.555	1	0	0	1	0	-119.635
13.56	1	0	0	1	0	-119.635
13.565	1	0	0	1	0	-119.635
13.57	1	0	0	1	0	-119.635
13.575	1	0	0	1	0	-119.635
13.58	1	0	0	1	0	-119.635
13.585	1	0	0	1	0	-119.635
13.59	1	0	0	1	0	-119.635
13.595	1	0	0	1	0	-119.635
13.6	1	0	0	1	0	-119.635
13.605	1	0	0	1	0	-119.635
13.61	1	0	0	1	0	-119.635
13.615	1	0	0	1	0	-119.635
13.62	1	0	0	1	0	-119.635
13.625	1	0	0	1	0	-119.635
13.63	1	0	0	1	0	-119.635
13.635	1	0	0	1	0	-119.635
13.64	1	0	0	1	0	-119.635
13.645	1	0	0	1	0	-119.635
13.65	1	0	0	1	0	-119.635
13.655	1	0	0	1	0	-119.635
13.66	1	0	0	1	0	-119.635
13.665	1	0	0	1	0	-119.635
13.67	1	0	0	1	0	-119.635
13.675	1	0	0	1	0	-119.635
13.68	1	0	0	1	0	-119.635
13.685	1	0	0	1	0	-119.635
13.69	1	0	0	1	0	-119.635
13.695	1	0	0	1	0	-119.635
13.7	1	0	0	1	0	-119.635
13.705	1	0	0	1	0	-119.635
13.71	1	0	0	1	0	-119.635
13.715	1	0	0	1	0	-119.635
13.72	1	0	0	1	0	-119.635
13.725	1	0	0	1	0	-119.635
13.73	1	0	0	1	0	-119.635
13.735	1	0	0	1	0	-119.635
13.74	1	0	0	1	0	-119.635
13.745	1	0	0	1	0	-119.635
13.75	1	0	0	1	0	-119.635
13.755	1	0	0	1	0	-119.635
13.76	1	0	0	1	0	-119.635
13.765	1	0	0	1	0	-119.635
13.77	1	0	0	1	0	-119.635
13.775	1	0	0	1	0	-119.635
13.78	1	0	0	1	0	-119.635
13.785	1	0	0	1	0	-119.635
13.79	1	0	0	1	0	-119.635
13.795	1	0	0	1	0	-119.635
13.8	1	0	0	1	0	-119.635
13.805	1	0	0	1	0	-119.635
13.81	1	0	0	1	0	-119.635
13.815	1	0	0	1	0	-119.635
13.82	1	0	0	1	0	-119.635
13.825	1	0	0	1	0	-119.635
13.83	1	0	0	1	0	-119.635
13.835	1	0	0	1	0	-119.635
13.84	1	0	0	1	0	-119.635
13.845	1	0	0	1	0	-119.635
13.85	1	0	0	1	0	-119.635
13.855	1	0	0	1	0	-119.635
13.86	1	0	0	1	0	-119.635
13.865	1	0	0	1	0	-119.635
13.87	1	0	0	1	0	-119.635
13.875	1	0	0	1	0	-119.635
13.88	1	0	0	1	0	-119.635
13.885	1	0	0	1	0	-119.635
13.89	1	0	0	1	0	-119.635
13.895	1	0	0	1	0	-119.635
13.9	1	0	0	1	0	-119.635
13.905	1	0	0	1	0	-119.635
13.91	1	0	0	1	0	-119.635
13.915	1	0	0	1	0	-119.635
13.92	1	0	0	1	0	-119.635
13.925	1	0	0	1	0	-119.635
13.93	1	0	0	1	0	-119.635
13.935	1	0	0	1	0	-119.635
13.94	1	0	0	1	0	-119.635
13.945	1	0	0	1	0	-119.635
13.95	1	0	0	1	0	-119.635
13.955	1	0	0	1	0	-119.635
13.96	1	0	0	1	0	-119.635
13.965	1	0	0	1	0	-119.635
13.97	1	0	0	1	0	-119.635
13.975	1	0	0	1	0	-119.635
13.98	1	0	0	1	0	-119.635
13.985	1	0	0	1	0	-119.635
13.99	1	0	0	1	0	-119.635
13.995	1	0	0	1	0	-119.635
14	1	0	0	1	0	-119.635
14.005	1	0	0	1	0	-119.635
14.01	1	0	0	1	0	-119.635
14.015	1	0	0	1	0	-119.635
14.02	1	0	0	1	0	-119.635
14.025	1	0	0	1	0	-119.635
14.03	1	0	0	1	0	-119.635
14.035	1	0	0	1	0	-119.635
14.04	1	0	0	1	0	-119.635
14.045	1	0	0	1	0	-119.635
14.05	1	0	0	1	0	-119.635
14.055	1	0	0	1	0	-119.635
14.06	1	0	0	1	0	-119.635
14.065	1	0	0	1	0	-119.635
14.07	1	0	0	1	0	-119.635
14.075	1	0	0	1	0	-119.635
14.08	1	0	0	1	0	-119.635
14.085	1	0	0	1	0	-119.635
14.09	1	0	0	1	0	-119.635
14.095	1	0	0	1	0	-119.635
14.1	1	0	0	1	0	-119.635
14.105	1	0	0	1	0	-119.635
14.11	1	0	0	1	0	-119.635
14.115	1	0	0	1	0	-119.635
14.12	1	0	0	1	0	-119.635
14.125	1	0	0	1	0	-119.635
14.13	1	0	0	1	0	-119.635
14.135	1	0	0	1	0	-119.635
14.14	1	0	0	1	0	-119.635
14.145	1	0	0	1	0	-119.635
14.15	1	0	0	1	0	-119.635
14.155	1	0	0	1	0	-119.635
14.16	1	0	0	1	0	-119.635
14.165	1	0	0	1	0	-119.635
14.17	1	0	0	1	0	-119.635
14.175	1	0	0	1	0	-119.635
14.18	1	0	0	1	0	-119.635
14.185	1	0	0	1	0	-119.635
14.19	1	0	0	1	0	-119.635
14.195	1	0	0	1	0	-119.635
14.2	1	0	0	1	0	-119.635
14.205	1	0	0	1	0	-119.635
14.21	1	0	0	1	0	-119.635
14.215	1	0	0	1	0	-119.635
14.22	1	0	0	1	0	-119.635
14.225	1	0	0	1	0	-119.635
14.23	1	0	0	1	0	-119.635
14.235	1	0	0	1	0	-119.635
14.24	1	0	0	1	0	-119.635
14.245	1	0	0	1	0	-119.635
14.25	1	0	0	1	0	-119.635
14.255	1	0	0	1	0	-119.635
14.26	1	0	0	1	0	-119.635
14.265	1	0	0	1	0	-119.635
14.27	1	0	0	1	0	-119.635
14.275	1	0	0	1	0	-119.635
14.28	1	0	0	1	0	-119.635
14.285	1	0	0	1	0	-119.635
14.29	1	0	0	1	0	-119.635
14.295	1	0	0	1	0	-119.635
14.3	1	0	0	1	0	-119.635
14.305	1	0	0	1	0	-119.635
14.31	1	0	0	1	0	-119.635
14.315	1	0	0	1	0	-119.635
14.32	1	0	0	1	0	-119.635
14.325	1	0	0	1	0	-119.635
14.33	1	0	0	1	0	-119.635
14.335	1	0	0	1	0	-119.635
14.34	1	0	0	1	0	-119.635
14.345	1	0	0	1	0	-119.635
14.35	1	0	0	1	0	-119.635
14.355	1	0	0	1	0	-119.635
14.36	1	0	0	1	0	-119.635
14.365	1	0	0	1	0	-119.635
14.37	1	0	0	1	0	-119.635
14.375	1	0	0	1	0	-119.635
14.38	1	0	0	1	0	-119.635
14.385	1	0	0	1	0	-119.635
14.39	1	0	0	1	0	-119.635
14.395	1	0	0	1	0	-119.635
14.4	1	0	0	1	0	-119.635
14.405	1	0	0	1	0	-119.635
14.41	1	0	0	1	0	-119.635
14.415	1	0	0	1	0	-119.635
14.42	1	0	0	1	0	-119.635
14.425	1	0	0	1	0	-119.635
14.43	1	0	0	1	0	-119.635
14.435	1	0	0	1	0	-119.635
14.44	1	0	0	1	0	-119.635
14.445	1	0	0	1	0	-119.635
14.45	1	0	0	1	0	-119.635
14.455	1	0	0	1	0	-119.635
14.46	1	0	0	1	0	-119.635
14.465	1	0	0	1	0	-119.635
14.47	1	0	0	1	0	-119.635
14.475	1	0	0	1	0	-119.635
14.48	1	0	0	1	0	-119.635
14.485	1	0	0	1	0	-119.635
14.49	1	0	0	1	0	-119.635
14.495	1	0	0	1	0	-119.635
14.5	1	0	0	1	0	-119.635
14.505	1	0	0	1	0	-119.635
14.51	1	0	0	1	0	-119.635
14.515	1	0	0	1	0	-119.635
14.52	1	0	0	1	0	-119.635
14.525	1	0	0	1	0	-119.635
14.53	1	0	0	1	0	-119.635
14.535	1	0	0	1	0	-119.635
14.54	1	0	0	1	0	-119.635
14.545	1	0	0	1	0	-119.635
14.55	1	0	0	1	0	-119.635
14.555	1	0	0	1	0	-119.635
14.56	1	0	0	1	0	-119.635
14.565	1	0	0	1	0	-119.635
14.57	1	0	0	1	0	-119.635
14.575	1	0	0	1	0	-119.635
14.58	1	0	0	1	0	-119.635
14.585	1	0	0	1	0	-119.635
14.59	1	0	0	1	0	-119.635
14.595	1	0	0	1	0	-119.635
14.6	1	0	0	1	0	-119.635
14.605	1	0	0	1	0	-119.635
14.61	1	0	0	1	0	-119.635
14.615	1	0	0	1	0	-119.635
14.62	1	0	0	1	0	-119.635
14.625	1	0	0	1	0	-119.635
14.63	1	0	0	1	0	-119.635
14.635	1	0	0	1	0	-119.635
14.64	1	0	0	1	0	-119.635
14.645	1	0	0	1	0	-119.635
14.65	1	0	0	1	0	-119.635
14.655	1	0	0	1	0	-119.635
14.66	1	0	0	1	0	-119.635
14.665	1	0	0	1	0	-119.635
14.67	1	0	0	1	0	-119.635
14.675	1	0	0	1	0	-119.635
14.68	1	0	0	1	0	-119.635
14.685	1	0	0	1	0	-119.635
14.69	1	0	0	1	0	-119.635
14.695	1	0	0	1	0	-119.635
14.7	1	0	0	1	0	-119.635
14.705	1	0	0	1	0	-119.635
14.71	1	0	0	1	0	-119.635
14.715	1	0	0	1	0	-119.635
14.72	1	0	0	1	0	-119.635
14.725	1	0	0	1	0	-119.635
14.73	1	0	0	1	0	-119.635
14.735	1	0	0	1	0	-119.635
14.74	1	0	0	1	0	-119.635
14.745	1	0	0	1	0	-119.635
14.75	1	0	0	1	0	-119.635
14.755	1	0	0	1	0	-119.635
14.76	1	0	0	1	0	-119.635
14.765	1	0	0	1	0	-119.635
14.77	1	0	0	1	0	-119.635
14.775	1	0	0	1	0	-119.635
14.78	1	0	0	1	0	-119.635
14.785	1	0	0	1	0	-119.635
14.79	1	0	0	1	0	-119.635
14.795	1	0	0	1	0	-119.635
14.8	1	0	0	1	0	-119.635
14.805	1	0	0	1	0	-119.635
14.81	1	0	0	1	0	-119.635
14.815	1	0	0	1	0	-119.635
14.82	1	0	0	1	0	-119.635
14.825	1	0	0	1	0	-119.635
14.83	1	0	0	1	0	-119.635
14.835	1	0	0	1	0	-119.635
14.84	1	0	0	1	0	-119.635
14.845	1	0	0	1	0	-119.635
14.85	1	0	0	1	0	-119.635
14.855	1	0	0	1	0	-119.635
14.86	1	0	0	1	0	-119.635
14.865	1	0	0	1	0	-119.635
14.87	1	0	0	1	0	-119.635
14.875	1	0	0	1	0	-119.635
14.88	1	0	0	1	0	-119.635
14.885	1	0	0	1	0	-119.635
14.89	1	0	0	1	0	-119.635
14.895	1	0	0	1	0	-119.635
14.9	1	0	0	1	0	-119.635
14.905	1	0	0	1	0	-119.635
14.91	1	0	0	1	0	-119.635
14.915	1	0	0	1	0	-119.635
14.92	1	0	0	1	0	-119.635
14.925	1	0	0	1	0	-119.635
14.93	1	0	0	1	0	-119.635
14.935	1	0	0	1	0	-119.635
14.94	1	0	0	1	0	-119.635
14.945	1	0	0	1	0	-119.635
14.95	1	0	0	1	0	-119.635
14.955	1	0	0	1	0	-119.635
14.96	1	0	0	1	0	-119.635
14.965	1	0	0	1	0	-119.635
14.97	1	0	0	1	0	-119.635
14.975	1	0	0	1	0	-119.635
14.98	1	0	0	1	0	-119.635
14.985	1	0	0	1	0	-119.635
14.99	1	0	0	1	0	-119.635
14.995	1	0	0	1	0	-119.635
15	1	0	0	1	0	-119.635
15.005	1	0	0	1	0	-119.635
15.01	1	0	0	1	0	-119.635
15.015	1	0	0	1	0	-119.635
15.02	1	0	0	1	0	-119.635
15.025	1	0	0	1	0	-119.635
15.03	1	0	0	1	0	-119.635
15.035	1	0	0	1	0	-119.635
15.04	1	0	0	1	0	-119.635
15.045	1	0	0	1	0	-119.635
15.05	1	0	0	1	0	-119.635
15.055	1	0	0	1	0	-119.635
15.06	1	0	0	1	0	-119.635
15.065	1	0	0	1	0	-119.635
15.07	1	0	0	1	0	-119.635
15.075	1	0	0	1	0	-119.635
15.08	1	0	0	1	0	-119.635
15.085	1	0	0	1	0	-119.635
15.09	1	0	0	1	0	-119.635
15.095	1	0	0	1	0	-119.635
15.1	1	0	0	1	0	-119.635
15.105	1	0	0	1	0	-119.635
15.11	1	0	0	1	0	-119.635
15.115	1	0	0	1	0	-119.635
15.12	1	0	0	1	0	-119.635
15.125	1	0	0	1	0	-119.635
15.13	1	0	0	1	0	-119.635
15.135	1	0	0	1	0	-119.635
15.14	1	0	0	1	0	-119.635
15.145	1	0	0	1	0	-119.635
15.15	1	0	0	1	0	-119.635
15.155	1	0	0	1	0	-119.635
15.16	1	0	0	1	0	-119.635
15.165	1	0	0	1	0	-119.635
15.17	1	0	0	1	0	-119.635
15.175	1	0	0	1	0	-119.635
15.18	1	0	0	1	0	-119.635
15.185	1	0	0	1	0	-119.635
15.19	1	0	0	1	0	-119.635
15.195	1	0	0	1	0	-119.635
15.2	1	0	0	1	0	-119.635
15.205	1	0	0	1	0	-119.635
15.21	1	0	0	1	0	-119.635
15.215	1	0	0	1	0	-119.635
15.22	1	0	0	1	0	-119.635
15.225	1	0	0	1	0	-119.635
15.23	1	0	0	1	0	-119.635
15.235	1	0	0	1	0	-119.635
15.24	1	0	0	1	0	-119.635
15.245	1	0	0	1	0	-119.635
15.25	1	0	0	1	0	-119.635
15.255	1	0	0	1	0	-119.635
15.26	1	0	0	1	0	-119.635
15.265	1	0	0	1	0	-119.635
15.27	1	0	0	1	0	-119.635
15.275	1	0	0	1	0	-119.635
15.28	1	0	0	1	0	-119.635
15.285	1	0	0	1	0	-119.635
15.29	1	0	0	1	0	-119.635
15.295	1	0	0	1	0	-119.635
15.3	1	0	0	1	0	-119.635
15.305	1	0	0	1	0	-119.635
15.31	1	0	0	1	0	-119.635
15.315	1	0	0	1	0	-119.635
15.32	1	0	0	1	0	-119.635
15.325	1	0	0	1	0	-119.635
15.33	1	0	0	1	0	-119.635
15.335	1	0	0	1	0	-119.635
15.34	1	0	0	1	0	-119.635
15.345	1	0	0	1	0	-119.635
15.35	1	0	0	1	0	-119.635
15.355	1	0	0	1	0	-119.635
15.36	1	0	0	1	0	-119.635
15.365	1	0	0	1	0	-119.635
15.37	1	0	0	1	0	-119.635
15.375	1	0	0	1	0	-119.635
15.38	1	0	0	1	0	-119.635
15.385	1	0	0	1	0	-119.635
15.39	1	0	0	1	0	-119.635
15.395	1	0	0	1	0	-119.635
15.4	1	0	0	1	0	-119.635
15.405	1	0	0	1	0	-119.635
15.41	1	0	0	1	0	-119.635
15.415	1	0	0	1	0	-119.635
15.42	1	0	0	1	0	-119.635
15.425	1	0	0	1	0	-119.635
15.43	1	0	0	1	0	-119.635
15.435	1	0	0	1	0	-119.635
15.44	1	0	0	1	0	-119.635
15.445	1	0	0	1	0	-119.635
15.45	1	0	0	1	0	-119.635
15.455	1	0	0	1	0	-119.635
15.46	1	0	0	1	0	-119.635
15.465	1	0	0	1	0	-119.635
15.47	1	0	0	1	0	-119.635
15.475	1	0	0	1	0	-119.635
15.48	1	0	0	1	0	-119.635
15.485	1	0	0	1	0	-119.635
15.49	1	0	0	1	0	-119.635
15.495	1	0	0	1	0	-119.635
15.5	1	0	0	1	0	-119.635
15.505	1	0	0	1	0	-119.635
15.51	1	0	0	1	0	-119.635
15.515	1	0	0	1	0	-119.635
15.52	1	0	0	1	0	-119.635
15.525	1	0	0	1	0	-119.635
15.53	1	0	0	1	0	-119.635
15.535	1	0	0	1	0	-119.635
15.54	1	0	0	1	0	-119.635
15.545	1	0	0	1	0	-119.635
15.55	1	0	0	1	0	-119.635
15.555	1	0	0	1	0	-119.635
15.56	1	0	0	1	0	-119.635
15.565	1	0	0	1	0	-119.635
15.57	1	0	0	1	0	-119.635
15.575	1	0	0	1	0	-119.635
15.58	1	0	0	1	0	-119.635
15.585	1	0	0	1	0	-119.635
15.59	1	0	0	1	0	-119.635
15.595	1	0	0	1	0	-119.635
15.6	1	0	0	1	0	-119.635
15.605	1	0	0	1	0	-119.635
15.61	1	0	0	1	0	-119.635
15.615	1	0	0	1	0	-119.635
15.62	1	0	0	1	0	-119.635
15.625	1	0	0	1	0	-119.635
15.63	1	0	0	1	0	-119.635
15.635	1	0	0	1	0	-119.635
15.64	1	0	0	1	0	-119.635
15.645	1	0	0	1	0	-119.635
15.65	1	0	0	1	0	-119.635
15.655	1	0	0	1	0	-119.635
15.66	1	0	0	1	0	-119.635
15.665	1	0	0	1	0	-119.635
15.67	1	0	0	1	0	-119.635
15.675	1	0	0	1	0	-119.635
15.68	1	0	0	1	0	-119.635
15.685	1	0	0	1	0	-119.635
15.69	1	0	0	1	0	-119.635
15.695	1	0	0	1	0	-119.635
15.7	1	0	0	1	0	-119.635
15.705	1	0	0	1	0	-119.635
15.71	1	0	0	1	0	-119.635
15.715	1	0	0	1	0	-119.635
15.72	1	0	0	1	0	-119.635
15.725	1	0	0	1	0	-119.635
15.73	1	0	0	1	0	-119.635
15.735	1	0	0	1	0	-119.635
15.74	1	0	0	1	0	-119.635
15.745	1	0	0	1	0	-119.635
15.75	1	0	0	1	0	-119.635
15.755	1	0	0	1	0	-119.635
15.76	1	0	0	1	0	-119.635
15.765	1	0	0	1	0	-119.635
15.77	1	0	0	1	0	-119.635
15.775	1	0	0	1	0	-119.635
15.78	1	0	0	1	0	-119.635
15.785	1	0	0	1	0	-119.635
15.79	1	0	0	1	0	-119.635
15.795	1	0	0	1	0	-119.635
15.8	1	0	0	1	0	-119.635
15.805	1	0	0	1	0	-119.635
15.81	1	0	0	1	0	-119.635
15.815	1	0	0	1	0	-119.635
15.82	1	0	0	1	0	-119.635
15.825	1	0	0	1	0	-119.635
15.83	1	0	0	1	0	-119.635
15.835	1	0	0	1	0	-119.635
15.84	1	0	0	1	0	-119.635
15.845	1	0	0	1	0	-119.635
15.85	1	0	0	1	0	-119.635
15.855	1	0	0	1	0	-119.635
15.86	1	0	0	1	0	-119.635
15.865	1	0	0	1	0	-119.635
15.87	1	0	0	1	0	-119.635
15.875	1	0	0	1	0	-119.635
15.88	1	0	0	1	0	-119.635
15.885	1	0	0	1	0	-119.635
15.89	1	0	0	1	0	-119.635
15.895	1	0	0	1	0	-119.635
15.9	1	0	0	1	0	-119.635
15.905	1	0	0	1	0	-119.635
15.91	1	0	0	1	0	-119.635
15.915	1	0	0	1	0	-119.635
15.92	1	0	0	1	0	-119.635
15.925	1	0	0	1	0	-119.635
15.93	1	0	0	1	0	-119.635
15.935	1	0	0	1	0	-119.635
15.94	1	0	0	1	0	-119.635
15.945	1	0	0	1	0	-119.635
15.95	1	0	0	1	0	-119.635
15.955	1	0	0	1	0	-119.635
15.96	1	0	0	1	0	-119.635
15.965	1	0	0	1	0	-119.635
15.97	1	0	0	1	0	-119.635
15.975	1	0	0	1	0	-119.635
15.98	1	0	0	1	0	-119.635
15.985	1	0	0	1	0	-119.635
15.99	1	0	0	1	0	-119.635
15.995	1	0	0	1	0	-119.635
16	1	0	0	1	0	-119.635
16.005	1	0	0	1	0	-119.635
16.01	1	0	0	1	0	-119.635
16.015	1	0	0	1	0	-119.635
16.02	1	0	0	1	0	-119.635
16.025	1	0	0	1	0	-119.635
16.03	1	0	0	1	0	-119.635
16.035	1	0	0	1	0	-119.635
16.04	1	0	0	1	0	-119.635
16.045	1	0	0	1	0	-119.635
16.05	1	0	0	1	0	-119.635
16.055	1	0	0	1	0	-119.635
16.06	1	0	0	1	0	-119.635
16.065	1	0	0	1	0	-119.635
16.07	1	0	0	1	0	-119.635
16.075	1	0	0	1	0	-119.635
16.08	1	0	0	1	0	-119.635
16.085	1	0	0	1	0	-119.635
16.09	1	0	0	1	0	-119.635
16.095	1	0	0	1	0	-119.635
16.1	1	0	0	1	0	-119.635
16.105	1	0	0	1	0	-119.635
16.11	1	0	0	1	0	-119.635
16.115	1	0	0	1	0	-119.635
16.12	1	0	0	1	0	-119.635
16.125	1	0	0	1	0	-119.635
16.13	1	0	0	1	0	-119.635
16.135	1	0	0	1	0	-119.635
16.14	1	0	0	1	0	-119.635
16.145	1	0	0	1	0	-119.635
16.15	1	0	0	1	0	-119.635
16.155	1	0	0	1	0	-119.635
16.16	1	0	0	1	0	-119.635
16.165	1	0	0	1	0	-119.635
16.17	1	0	0	1	0	-119.635
16.175	1	0	0	1	0	-119.635
16.18	1	0	0	1	0	-119.635
16.185	1	0	0	1	0	-119.635
16.19	1	0	0	1	0	-119.635
16.195	1	0	0	1	0	-119.635
16.2	1	0	0	1	0	-119.635
16.205	1	0	0	1	0	-119.635
16.21	1	0	0	1	0	-119.635
16.215	1	0	0	1	0	-119.635
16.22	1	0	0	1	0	-119.635
16.225	1	0	0	1	0	-119.635
16.23	1	0	0	1	0	-119.635
16.235	1	0	0	1	0	-119.635
16.24	1	0	0	1	0	-119.635
16.245	1	0	0	1	0	-119.635
16.25	1	0	0	1	0	-119.635
16.255	1	0	0	1	0	-119.635
16.26	1	0	0	1	0	-119.635
16.265	1	0	0	1	0	-119.635
16.27	1	0	0	1	0	-119.635
16.275	1	0	0	1	0	-119.635
16.28	1	0	0	1	0	-119.635
16.285	1	0	0	1	0	-119.635
16.29	1	0	0	1	0	-119.635
16.295	1	0	0	1	0	-119.635
16.3	1	0	0	1	0	-119.635
16.305	1	0	0	1	0	-119.635
16.31	1	0	0	1	0	-119.635
16.315	1	0	0	1	0	-119.635
16.32	1	0	0	1	0	-119.635
16.325	1	0	0	1	0	-119.635
16.33	1	0	0	1	0	-119.635
16.335	1	0	0	1	0	-119.635
16.34	1	0	0	1	0	-119.635
16.345	1	0	0	1	0	-119.635
16.35	1	0	0	1	0	-119.635
16.355	1	0	0	1	0	-119.635
16.36	1	0	0	1	0	-119.635
16.365	1	0	0	1	0	-119.635
16.37	1	0	0	1	0	-119.635
16.375	1	0	0	1	0	-119.635
16.38	1	0	0	1	0	-119.635
16.385	1	0	0	1	0	-119.635
16.39	1	0	0	1	0	-119.635
16.395	1	0	0	1	0	-119.635
16.4	1	0	0	1	0	-119.635
16.405	1	0	0	1	0	-119.635
16.41	1	0	0	1	0	-119.635
16.415	1	0	0	1	0	-119.635
16.42	1	0	0	1	0	-119.635
16.425	1	0	0	1	0	-119.635
16.43	1	0	0	1	0	-119.635
16.435	1	0	0	1	0	-119.635
16.44	1	0	0	1	0	-119.635
16.445	1	0	0	1	0	-119.635
16.45	1	0	0	1	0	-119.635
16.455	1	0	0	1	0	-119.635
16.46	1	0	0	1	0	-119.635
16.465	1	0	0	1	0	-119.635
16.47	1	0	0	1	0	-119.635
16.475	1	0	0	1	0	-119.635
16.48	1	0	0	1	0	-119.635
16.485	1	0	0	1	0	-119.635
16.49	1	0	0	1	0	-119.635
16.495	1	0	0	1	0	-119.635
16.5	1	0	0	1	0	-119.635
16.505	1	0	0	1	0	-119.635
16.51	1	0	0	1	0	-119.635
16.515	1	0	0	1	0	-119.635
16.52	1	0	0	1	0	-119.635
16.525	1	0	0	1	0	-119.635
16.53	1	0	0	1	0	-119.635
16.535	1	0	0	1	0	-119.635
16.54	1	0	0	1	0	-119.635
16.545	1	0	0	1	0	-119.635
16.55	1	0	0	1	0	-119.635
16.555	1	0	0	1	0	-119.635
16.56	1	0	0	1	0	-119.635
16.565	1	0	0	1	0	-119.635
16.57	1	0	0	1	0	-119.635
16.575	1	0	0	1	0	-119.635
16.58	1	0	0	1	0	-119.635
16.585	1	0	0	1	0	-119.635
16.59	1	0	0	1	0	-119.635
16.595	1	0	0	1	0	-119.635
16.6	1	0	0	1	0	-119.635
16.605	1	0	0	1	0	-119.635
16.61	1	0	0	1	0	-119.635
16.615	1	0	0	1	0	-119.635
16.62	1	0	0	1	0	-119.635
16.625	1	0	0	1	0	-119.635
16.63	1	0	0	1	0	-119.635
16.635	1	0	0	1	0	-119.635
16.64	1	0	0	1	0	-119.635
16.645	1	0	0	1	0	-119.635
16.65	1	0	0	1	0	-119.635
16.655	1	0	0	1	0	-119.635
16.66	1	0	0	1	0	-119.635
16.665	1	0	0	1	0	-119.635
16.67	1	0	0	1	0	-119.635
16.675	1	0	0	1	0	-119.635
16.68	1	0	0	1	0	-119.635
16.685	1	0	0	1	0	-119.635
16.69	1	0	0	1	0	-119.635
16.695	1	0	0	1	0	-119.635
16.7	1	0	0	1	0	-119.635
16.705	1	0	0	1	0	-119.635
16.71	1	0	0	1	0	-119.635
16.715	1	0	0	1	0	-119.635
16.72	1	0	0	1	0	-119.635
16.725	1	0	0	1	0	-119.635
16.73	1	0	0	1	0	-119.635
16.735	1	0	0	1	0	-119.635
16.74	1	0	0	1	0	-119.635
16.745	1	0	0	1	0	-119.635
16.75	1	0	0	1	0	-119.635
16.755	1	0	0	1	0	-119.635
16.76	1	0	0	1	0	-119.635
16.765	1	0	0	1	0	-119.635
16.77	1	0	0	1	0	-119.635
16.775	1	0	0	1	0	-119.635
16.78	1	0	0	1	0	-119.635
16.785	1	0	0	1	0	-119.635
16.79	1	0	0	1	0	-119.635
16.795	1	0	0	1	0	-119.635
16.8	1	0	0	1	0	-119.635
16.805	1	0	0	1	0	-119.635
16.81	1	0	0	1	0	-119.635
16.815	1	0	0	1	0	-119.635
16.82	1	0	0	1	0	-119.635
16.825	1	0	0	1	0	-119.635
16.83	1	0	0	1	0	-119.635
16.835	1	0	0	1	0	-119.635
16.84	1	0	0	1	0	-119.635
16.845	1	0	0	1	0	-119.635
16.85	1	0	0	1	0	-119.635
16.855	1	0	0	1	0	-119.635
16.86	1	0	0	1	0	-119.635
16.865	1	0	0	1	0	-119.635
16.87	1	0	0	1	0	-119.635
16.875	1	0	0	1	0	-119.635
16.88	1	0	0	1	0	-119.635
16.885	1	0	0	1	0	-119.635
16.89	1	0	0	1	0	-119.635
16.895	1	0	0	1	0	-119.635
16.9	1	0	0	1	0	-119.635
16.905	1	0	0	1	0	-119.635
16.91	1	0	0	1	0	-119.635
16.915	1	0	0	1	0	-119.635
16.92	1	0	0	1	0	-119.635
16.925	1	0	0	1	0	-119.635
16.93	1	0	0	1	0	-119.635
16.935	1	0	0	1	0	-119.635
16.94	1	0	0	1	0	-119.635
16.945	1	0	0	1	0	-119.635
16.95	1	0	0	1	0	-119.635
16.955	1	0	0	1	0	-119.635
16.96	1	0	0	1	0	-119.635
16.965	1	0	0	1	0	-119.635
16.97	1	0	0	1	0	-119.635
16.975	1	0	0	1	0	-119.635
16.98	1	0	0	1	0	-119.635
16.985	1	0	0	1	0	-119.635
16.99	1	0	0	1	0	-119.635
16.995	1	0	0	1	0	-119.635
17	1	0	0	1	0	-119.635
17.005	1	0	0	1	0	-119.635
17.01	1	0	0	1	0	-119.635
17.015	1	0	0	1	0	-119.635
17.02	1	0	0	1	0	-119.635
17.025	1	0	0	1	0	-119.635
17.03	1	0	0	1	0	-119.635
17.035	1	0	0	1	0	-119.635
17.04	1	0	0	1	0	-119.635
17.045	1	0	0	1	0	-119.635
17.05	1	0	0	1	0	-119.635
17.055	1	0	0	1	0	-119.635
17.06	1	0	0	1	0	-119.635
17.065	1	0	0	1	0	-119.635
17.07	1	0	0	1	0	-119.635
17.075	1	0	0	1	0	-119.635
17.08	1	0	0	1	0	-119.635
17.085	1	0	0	1	0	-119.635
17.09	1	0	0	1	0	-119.635
17.095	1	0	0	1	0	-119.635
17.1	1	0	0	1	0	-119.635
17.105	1	0	0	1	0	-119.635
17.11	1	0	0	1	0	-119.635
17.115	1	0	0	1	0	-119.635
17.12	1	0	0	1	0	-119.635
17.125	1	0	0	1	0	-119.635
17.13	1	0	0	1	0	-119.635
17.135	1	0	0	1	0	-119.635
17.14	1	0	0	1	0	-119.635
17.145	1	0	0	1	0	-119.635
17.15	1	0	0	1	0	-119.635
17.155	1	0	0	1	0	-119.635
17.16	1	0	0	1	0	-119.635
17.165	1	0	0	1	0	-119.635
17.17	1	0	0	1	0	-119.635
17.175	1	0	0	1	0	-119.635
17.18	1	0	0	1	0	-119.635
17.185	1	0	0	1	0	-119.635
17.19	1	0	0	1	0	-119.635
17.195	1	0	0	1	0	-119.635
17.2	1	0	0	1	0	-119.635
17.205	1	0	0	1	0	-119.635
17.21	1	0	0	1	0	-119.635
17.215	1	0	0	1	0	-119.635
17.22	1	0	0	1	0	-119.635
17.225	1	0	0	1	0	-119.635
17.23	1	0	0	1	0	-119.635
17.235	1	0	0	1	0	-119.635
17.24	1	0	0	1	0	-119.635
17.245	1	0	0	1	0	-119.635
17.25	1	0	0	1	0	-119.635
17.255	1	0	0	1	0	-119.635
17.26	1	0	0	1	0	-119.635
17.265	1	0	0	1	0	-119.635
17.27	1	0	0	1	0	-119.635
17.275	1	0	0	1	0	-119.635
17.28	1	0	0	1	0	-119.635
17.285	1	0	0	1	0	-119.635
17.29	1	0	0	1	0	-119.635
17.295	1	0	0	1	0	-119.635
17.3	1	0	0	1	0	-119.635
17.305	1	0	0	1	0	-119.635
17.31	1	0	0	1	0	-119.635
17.315	1	0	0	1	0	-119.635
17.32	1	0	0	1	0	-119.635
17.325	1	0	0	1	0	-119.635
17.33	1	0	0	1	0	-119.635
17.335	1	0	0	1	0	-119.635
17.34	1	0	0	1	0	-119.635
17.345	1	0	0	1	0	-119.635
17.35	1	0	0	1	0	-119.635
17.355	1	0	0	1	0	-119.635
17.36	1	0	0	1	0	-119.635
17.365	1	0	0	1	0	-119.635
17.37	1	0	0	1	0	-119.635
17.375	1	0	0	1	0	-119.635
17.38	1	0	0	1	0	-119.635
17.385	1	0	0	1	0	-119.635
17.39	1	0	0	1	0	-119.635
17.395	1	0	0	1	0	-119.635
17.4	1	0	0	1	0	-119.635
17.405	1	0	0	1	0	-119.635
17.41	1	0	0	1	0	-119.635
17.415	1	0	0	1	0	-119.635
17.42	1	0	0	1	0	-119.635
17.425	1	0	0	1	0	-119.635
17.43	1	0	0	1	0	-119.635
17.435	1	0	0	1	0	-119.635
17.44	1	0	0	1	0	-119.635
17.445	1	0	0	1	0	-119.635
17.45	1	0	0	1	0	-119.635
17.455	1	0	0	1	0	-119.635
17.46	1	0	0	1	0	-119.635
17.465	1	0	0	1	0	-119.635
17.47	1	0	0	1	0	-119.635
17.475	1	0	0	1	0	-119.635
17.48	1	0	0	1	0	-119.635
17.485	1	0	0	1	0	-119.635
17.49	1	0	0	1	0	-119.635
17.495	1	0	0	1	0	-119.635
17.5	1	0	0	1	0	-119.635
17.505	1	0	0	1	0	-119.635
17.51	1	0	0	1	0	-119.635
17.515	1	0	0	1	0	-119.635
17.52	1	0	0	1	0	-119.635
17.525	1	0	0	1	0	-119.635
17.53	1	0	0	1	0	-119.635
17.535	1	0	0	1	0	-119.635
17.54	1	0	0	1	0	-119.635
17.545	1	0	0	1	0	-119.635
17.55	1	0	0	1	0	-119.635
17.555	1	0	0	1	0	-119.635
17.56	1	0	0	1	0	-119.635
17.565	1	0	0	1	0	-119.635
17.57	1	0	0	1	0	-119.635
17.575	1	0	0	1	0	-119.635
17.58	1	0	0	1	0	-119.635
17.585	1	0	0	1	0	-119.635
17.59	1	0	0	1	0	-119.635
17.595	1	0	0	1	0	-119.635
17.6	1	0	0	1	0	-119.635
17.605	1	0	0	1	0	-119.635
17.61	1	0	0	1	0	-119.635
17.615	1	0	0	1	0	-119.635
17.62	1	0	0	1	0	-119.635
17.625	1	0	0	1	0	-119.635
17.63	1	0	0	1	0	-119.635
17.635	1	0	0	1	0	-119.635
17.64	1	0	0	1	0	-119.635
17.645	1	0	0	1	0	-119.635
17.65	1	0	0	1	0	-119.635
17.655	1	0	0	1	0	-119.635
17.66	1	0	0	1	0	-119.635
17.665	1	0	0	1	0	-119.635
17.67	1	0	0	1	0	-119.635
17.675	1	0	0	1	0	-119.635
17.68	1	0	0	1	0	-119.635
17.685	1	0	0	1	0	-119.635
17.69	1	0	0	1	0	-119.635
17.695	1	0	0	1	0	-119.635
17.7	1	0	0	1	0	-119.635
17.705	1	0	0	1	0	-119.635
17.71	1	0	0	1	0	-119.635
17.715	1	0	0	1	0	-119.635
17.72	1	0	0	1	0	-119.635
17.725	1	0	0	1	0	-119.635
17.73	1	0	0	1	0	-119.635
17.735	1	0	0	1	0	-119.635
17.74	1	0	0	1	0	-119.635
17.745	1	0	0	1	0	-119.635
17.75	1	0	0	1	0	-119.635
17.755	1	0	0	1	0	-119.635
17.76	1	0	0	1	0	-119.635
17.765	1	0	0	1	0	-119.635
17.77	1	0	0	1	0	-119.635
17.775	1	0	0	1	0	-119.635
17.78	1	0	0	1	0	-119.635
17.785	1	0	0	1	0	-119.635
17.79	1	0	0	1	0	-119.635
17.795	1	0	0	1	0	-119.635
17.8	1	0	0	1	0	-119.635
17.805	1	0	0	1	0	-119.635
17.81	1	0	0	1	0	-119.635
17.815	1	0	0	1	0	-119.635
17.82	1	0	0	1	0	-119.635
17.825	1	0	0	1	0	-119.635
17.83	1	0	0	1	0	-119.635
17.835	1	0	0	1	0	-119.635
17.84	1	0	0	1	0	-119.635
17.845	1	0	0	1	0	-119.635
17.85	1	0	0	1	0	-119.635
17.855	1	0	0	1	0	-119.635
17.86	1	0	0	1	0	-119.635
17.865	1	0	0	1	0	-119.635
17.87	1	0	0	1	0	-119.635
17.875	1	0	0	1	0	-119.635
17.88	1	0	0	1	0	-119.635
17.885	1	0	0	1	0	-119.635
17.89	1	0	0	1	0	-119.635
17.895	1	0	0	1	0	-119.635
17.9	1	0	0	1	0	-119.635
17.905	1	0	0	1	0	-119.635
17.91	1	0	0	1	0	-119.635
17.915	1	0	0	1	0	-119.635
17.92	1	0	0	1	0	-119.635
17.925	1	0	0	1	0	-119.635
17.93	1	0	0	1	0	-119.635
17.935	1	0	0	1	0	-119.635
17.94	1	0	0	1	0	-119.635
17.945	1	0	0	1	0	-119.635
17.95	1	0	0	1	0	-119.635
17.955	1	0	0	1	0	-119.635
17.96	1	0	0	1	0	-119.635
17.965	1	0	0	1	0	-119.635
17.97	1	0	0	1	0	-119.635
17.975	1	0	0	1	0	-119.635
17.98	1	0	0	1	0	-119.635
17.985	1	0	0	1	0	-119.635
17.99	1	0	0	1	0	-119.635
17.995	1	0	0	1	0	-119.635
18	1	0	0	1	0	-119.635
18.005	1	0	0	1	0	-119.635
18.01	1	0	0	1	0	-119.635
18.015	1	0	0	1	0	-119.635
18.02	1	0	0	1	0	-119.635
18.025	1	0	0	1	0	-119.635
18.03	1	0	0	1	0	-119.635
18.035	1	0	0	1	0	-119.635
18.04	1	0	0	1	0	-119.635
18.045	1	0	0	1	0	-119.635
18.05	1	0	0	1	0	-119.635
18.055	1	0	0	1	0	-119.635
18.06	1	0	0	1	0	-119.635
18.065	1	0	0	1	0	-119.635
18.07	1	0	0	1	0	-119.635
18.075	1	0	0	1	0	-119.635
18.08	1	0	0	1	0	-119.635
18.085	1	0	0	1	0	-119.635
18.09	1	0	0	1	0	-119.635
18.095	1	0	0	1	0	-119.635
18.1	1	0	0	1	0	-119.635
18.105	1	0	0	1	0	-119.635
18.11	1	0	0	1	0	-119.635
18.115	1	0	0	1	0	-119.635
18.12	1	0	0	1	0	-119.635
18.125	1	0	0	1	0	-119.635
18.13	1	0	0	1	0	-119.635
18.135	1	0	0	1	0	-119.635
18.14	1	0	0	1	0	-119.635
18.145	1	0	0	1	0	-119.635
18.15	1	0	0	1	0	-119.635
18.155	1	0	0	1	0	-119.635
18.16	1	0	0	1	0	-119.635
18.165	1	0	0	1	0	-119.635
18.17	1	0	0	1	0	-119.635
18.175	1	0	0	1	0	-119.635
18.18	1	0	0	1	0	-119.635
18.185	1	0	0	1	0	-119.635
18.19	1	0	0	1	0	-119.635
18.195	1	0	0	1	0	-119.635
18.2	1	0	0	1	0	-119.635
18.205	1	0	0	1	0	-119.635
18.21	1	0	0	1	0	-119.635
18.215	1	0	0	1	0	-119.635
18.22	1	0	0	1	0	-119.635
18.225	1	0	0	1	0	-119.635
18.23	1	0	0	1	0	-119.635
18.235	1	0	0	1	0	-119.635
18.24	1	0	0	1	0	-119.635
18.245	1	0	0	1	0	-119.635
18.25	1	0	0	1	0	-119.635
18.255	1	0	0	1	0	-119.635
18.26	1	0	0	1	0	-119.635
18.265	1	0	0	1	0	-119.635
18.27	1	0	0	1	0	-119.635
18.275	1	0	0	1	0	-119.635
18.28	1	0	0	1	0	-119.635
18.285	1	0	0	1	0	-119.635
18.29	1	0	0	1	0	-119.635
18.295	1	0	0	1	0	-119.635
18.3	1	0	0	1	0	-119.635
18.305	1	0	0	1	0	-119.635
18.31	1	0	0	1	0	-119.635
18.315	1	0	0	1	0	-119.635
18.32	1	0	0	1	0	-119.635
18.325	1	0	0	1	0	-119.635
18.33	1	0	0	1	0	-119.635
18.335	1	0	0	1	0	-119.635
18.34	1	0	0	1	0	-119.635
18.345	1	0	0	1	0	-119.635
18.35	1	0	0	1	0	-119.635
18.355	1	0	0	1	0	-119.635
18.36	1	0	0	1	0	-119.635
18.365	1	0	0	1	0	-119.635
18.37	1	0	0	1	0	-119.635
18.375	1	0	0	1	0	-119.635
18.38	1	0	0	1	0	-119.635
18.385	1	0	0	1	0	-119.635
18.39	1	0	0	1	0	-119.635
18.395	1	0	0	1	0	-119.635
18.4	1	0	0	1	0	-119.635
18.405	1	0	0	1	0	-119.635
18.41	1	0	0	1	0	-119.635
18.415	1	0	0	1	0	-119.635
18.42	1	0	0	1	0	-119.635
18.425	1	0	0	1	0	-119.635
18.43	1	0	0	1	0	-119.635
18.435	1	0	0	1	0	-119.635
18.44	1	0	0	1	0	-119.635
18.445	1	0	0	1	0	-119.635
18.45	1	0	0	1	0	-119.635
18.455	1	0	0	1	0	-119.635
18.46	1	0	0	1	0	-119.635
18.465	1	0	0	1	0	-119.635
18.47	1	0	0	1	0	-119.635
18.475	1	0	0	1	0	-119.635
18.48	1	0	0	1	0	-119.635
18.485	1	0	0	1	0	-119.635
18.49	1	0	0	1	0	-119.635
18.495	1	0	0	1	0	-119.635
18.5	1	0	0	1	0	-119.635
18.505	1	0	0	1	0	-119.635
18.51	1	0	0	1	0	-119.635
18.515	1	0	0	1	0	-119.635
18.52	1	0	0	1	0	-119.635
18.525	1	0	0	1	0	-119.635
18.53	1	0	0	1	0	-119.635
18.535	1	0	0	1	0	-119.635
18.54	1	0	0	1	0	-119.635
18.545	1	0	0	1	0	-119.635
18.55	1	0	0	1	0	-119.635
18.555	1	0	0	1	0	-119.635
18.56	1	0	0	1	0	-119.635
18.565	1	0	0	1	0	-119.635
18.57	1	0	0	1	0	-119.635
18.575	1	0	0	1	0	-119.635
18.58	1	0	0	1	0	-119.635
18.585	1	0	0	1	0	-119.635
18.59	1	0	0	1	0	-119.635
18.595	1	0	0	1	0	-119.635
18.6	1	0	0	1	0	-119.635
18.605	1	0	0	1	0	-119.635
18.61	1	0	0	1	0	-119.635
18.615	1	0	0	1	0	-119.635
18.62	1	0	0	1	0	-119.635
18.625	1	0	0	1	0	-119.635
18.63	1	0	0	1	0	-119.635
18.635	1	0	0	1	0	-119.635
18.64	1	0	0	1	0	-119.635
18.645	1	0	0	1	0	-119.635
18.65	1	0	0	1	0	-119.635
18.655	1	0	0	1	0	-119.635
18.66	1	0	0	1	0	-119.635
18.665	1	0	0	1	0	-119.635
18.67	1	0	0	1	0	-119.635
18.675	1	0	0	1	0	-119.635
18.68	1	0	0	1	0	-119.635
18.685	1	0	0	1	0	-119.635
18.69	1	0	0	1	0	-119.635
18.695	1	0	0	1	0	-119.635
18.7	1	0	0	1	0	-119.635
18.705	1	0	0	1	0	-119.635
18.71	1	0	0	1	0	-119.635
18.715	1	0	0	1	0	-119.635
18.72	1	0	0	1	0	-119.635
18.725	1	0	0	1	0	-119.635
18.73	1	0	0	1	0	-119.635
18.735	1	0	0	1	0	-119.635
18.74	1	0	0	1	0	-119.635
18.745	1	0	0	1	0	-119.635
18.75	1	0	0	1	0	-119.635
18.755	1	0	0	1	0	-119.635
18.76	1	0	0	1	0	-119.635
18.765	1	0	0	1	0	-119.635
18.77	1	0	0	1	0	-119.635
18.775	1	0	0	1	0	-119.635
18.78	1	0	0	1	0	-119.635
18.785	1	0	0	1	0	-119.635
18.79	1	0	0	1	0	-119.635
18.795	1	0	0	1	0	-119.635
18.8	1	0	0	1	0	-119.635
18.805	1	0	0	1	0	-119.635
18.81	1	0	0	1	0	-119.635
18.815	1	0	0	1	0	-119.635
18.82	1	0	0	1	0	-119.635
18.825	1	0	0	1	0	-119.635
18.83	1	0	0	1	0	-119.635
18.835	1	0	0	1	0	-119.635
18.84	1	0	0	1	0	-119.635
18.845	1	0	0	1	0	-119.635
18.85	1	0	0	1	0	-119.635
18.855	1	0	0	1	0	-119.635
18.86	1	0	0	1	0	-119.635
18.865	1	0	0	1	0	-119.635
18.87	1	0	0	1	0	-119.635
18.875	1	0	0	1	0	-119.635
18.88	1	0	0	1	0	-119.635
18.885	1	0	0	1	0	-119.635
18.89	1	0	0	1	0	-119.635
18.895	1	0	0	1	0	-119.635
18.9	1	0	0	1	0	-119.635
18.905	1	0	0	1	0	-119.635
18.91	1	0	0	1	0	-119.635
18.915	1	0	0	1	0	-119.635
18.92	1	0	0	1	0	-119.635
18.925	1	0	0	1	0	-119.635
18.93	1	0	0	1	0	-119.635
18.935	1	0	0	1	0	-119.635
18.94	1	0	0	1	0	-119.635
18.945	1	0	0	1	0	-119.635
18.95	1	0	0	1	0	-119.635
18.955	1	0	0	1	0	-119.635
18.96	1	0	0	1	0	-119.635
18.965	1	0	0	1	0	-119.635
18.97	1	0	0	1	0	-119.635
18.975	1	0	0	1	0	-119.635
18.98	1	0	0	1	0	-119.635
18.985	1	0	0	1	0	-119.635
18.99	1	0	0	1	0	-119.635
18.995	1	0	0	1	0	-119.635
19	1	0	0	1	0	-119.635
19.005	1	0	0	1	0	-119.635
19.01	1	0	0	1	0	-119.635
19.015	1	0	0	1	0	-119.635
19.02	1	0	0	1	0	-119.635
19.025	1	0	0	1	0	-119.635
19.03	1	0	0	1	0	-119.635
19.035	1	0	0	1	0	-119.635
19.04	1	0	0	1	0	-119.635
19.045	1	0	0	1	0	-119.635
19.05	1	0	0	1	0	-119.635
19.055	1	0	0	1	0	-119.635
19.06	1	0	0	1	0	-119.635
19.065	1	0	0	1	0	-119.635
19.07	1	0	0	1	0	-119.635
19.075	1	0	0	1	0	-119.635
19.08	1	0	0	1	0	-119.635
19.085	1	0	0	1	0	-119.635
19.09	1	0	0	1	0	-119.635
19.095	1	0	0	1	0	-119.635
19.1	1	0	0	1	0	-119.635
19.105	1	0	0	1	0	-119.635
19.11	1	0	0	1	0	-119.635
19.115	1	0	0	1	0	-119.635
19.12	1	0	0	1	0	-119.635
19.125	1	0	0	1	0	-119.635
19.13	1	0	0	1	0	-119.635
19.135	1	0	0	1	0	-119.635
19.14	1	0	0	1	0	-119.635
19.145	1	0	0	1	0	-119.635
19.15	1	0	0	1	0	-119.635
19.155	1	0	0	1	0	-119.635
19.16	1	0	0	1	0	-119.635
19.165	1	0	0	1	0	-119.635
19.17	1	0	0	1	0	-119.635
19.175	1	0	0	1	0	-119.635
19.18	1	0	0	1	0	-119.635
19.185	1	0	0	1	0	-119.635
19.19	1	0	0	1	0	-119.635
19.195	1	0	0	1	0	-119.635
19.2	1	0	0	1	0	-119.635
19.205	1	0	0	1	0	-119.635
19.21	1	0	0	1	0	-119.635
19.215	1	0	0	1	0	-119.635
19.22	1	0	0	1	0	-119.635
19.225	1	0	0	1	0	-119.635
19.23	1	0	0	1	0	-119.635
19.235	1	0	0	1	0	-119.635
19.24	1	0	0	1	0	-119.635
19.245	1	0	0	1	0	-119.635
19.25	1	0	0	1	0	-119.635
19.255	1	0	0	1	0	-119.635
19.26	1	0	0	1	0	-119.635
19.265	1	0	0	1	0	-119.635
19.27	1	0	0	1	0	-119.635
19.275	1	0	0	1	0	-119.635
19.28	1	0	0	1	0	-119.635
19.285	1	0	0	1	0	-119.635
19.29	1	0	0	1	0	-119.635
19.295	1	0	0	1	0	-119.635
19.3	1	0	0	1	0	-119.635
19.305	1	0	0	1	0	-119.635
19.31	1	0	0	1	0	-119.635
19.315	1	0	0	1	0	-119.635
19.32	1	0	0	1	0	-119.635
19.325	1	0	0	1	0	-119.635
19.33	1	0	0	1	0	-119.635
19.335	1	0	0	1	0	-119.635
19.34	1	0	0	1	0	-119.635
19.345	1	0	0	1	0	-119.635
19.35	1	0	0	1	0	-119.635
19.355	1	0	0	1	0	-119.635
19.36	1	0	0	1	0	-119.635
19.365	1	0	0	1	0	-119.635
19.37	1	0	0	1	0	-119.635
19.375	1	0	0	1	0	-119.635
19.38	1	0	0	1	0	-119.635
19.385	1	0	0	1	0	-119.635
19.39	1	0	0	1	0	-119.635
19.395	1	0	0	1	0	-119.635
19.4	1	0	0	1	0	-119.635
19.405	1	0	0	1	0	-119.635
19.41	1	0	0	1	0	-119.635
19.415	1	0	0	1	0	-119.635
19.42	1	0	0	1	0	-119.635
19.425	1	0	0	1	0	-119.635
19.43	1	0	0	1	0	-119.635
19.435	1	0	0	1	0	-119.635
19.44	1	0	0	1	0	-119.635
19.445	1	0	0	1	0	-119.635
19.45	1	0	0	1	0	-119.635
19.455	1	0	0	1	0	-119.635
19.46	1	0	0	1	0	-119.635
19.465	1	0	0	1	0	-119.635
19.47	1	0	0	1	0	-119.635
19.475	1	0	0	1	0	-119.635
19.48	1	0	0	1	0	-119.635
19.485	1	0	0	1	0	-119.635
19.49	1	0	0	1	0	-119.635
19.495	1	0	0	1	0	-119.635
19.5	1	0	0	1	0	-119.635
19.505	1	0	0	1	0	-119.635
19.51	1	0	0	1	0	-119.635
19.515	1	0	0	1	0	-119.635
19.52	1	0	0	1	0	-119.635
19.525	1	0	0	1	0	-119.635
19.53	1	0	0	1	0	-119.635
19.535	1	0	0	1	0	-119.635
19.54	1	0	0	1	0	-119.635
19.545	1	0	0	1	0	-119.635
19.55	1	0	0	1	0	-119.635
19.555	1	0	0	1	0	-119.635
19.56	1	0	0	1	0	-119.635
19.565	1	0	0	1	0	-119.635
19.57	1	0	0	1	0	-119.635
19.575	1	0	0	1	0	-119.635
19.58	1	0	0	1	0	-119.635
19.585	1	0	0	1	0	-119.635
19.59	1	0	0	1	0	-119.635
19.595	1	0	0	1	0	-119.635
19.6	1	0	0	1	0	-119.635
19.605	1	0	0	1	0	-119.635
19.61	1	0	0	1	0	-119.635
19.615	1	0	0	1	0	-119.635
19.62	1	0	0	1	0	-119.635
19.625	1	0	0	1	0	-119.635
19.63	1	0	0	1	0	-119.635
19.635	1	0	0	1	0	-119.635
19.64	1	0	0	1	0	-119.635
19.645	1	0	0	1	0	-119.635
19.65	1	0	0	1	0	-119.635
19.655	1	0	0	1	0	-119.635
19.66	1	0	0	1	0	-119.635
19.665	1	0	0	1	0	-119.635
19.67	1	0	0	1	0	-119.635
19.675	1	0	0	1	0	-119.635
19.68	1	0	0	1	0	-119.635
19.685	1	0	0	1	0	-119.635
19.69	1	0	0	1	0	-119.635
19.695	1	0	0	1	0	-119.635
19.7	1	0	0	1	0	-119.635
19.705	1	0	0	1	0	-119.635
19.71	1	0	0	1	0	-119.635
19.715	1	0	0	1	0	-119.635
19.72	1	0	0	1	0	-119.635
19.725	1	0	0	1	0	-119.635
19.73	1	0	0	1	0	-119.635
19.735	1	0	0	1	0	-119.635
19.74	1	0	0	1	0	-119.635
19.745	1	0	0	1	0	-119.635
19.75	1	0	0	1	0	-119.635
19.755	1	0	0	1	0	-119.635
19.76	1	0	0	1	0	-119.635
19.765	1	0	0	1	0	-119.635
19.77	1	0	0	1	0	-119.635
19.775	1	0	0	1	0	-119.635
19.78	1	0	0	1	0	-119.635
19.785	1	0	0	1	0	-119.635
19.79	1	0	0	1	0	-119.635
19.795	1	0	0	1	0	-119.635
19.8	1	0	0	1	0	-119.635
19.805	1	0	0	1	0	-119.635
19.81	1	0	0	1	0	-119.635
19.815	1	0	0	1	0	-119.635
19.82	1	0	0	1	0	-119.635
19.825	1	0	0	1	0	-119.635
19.83	1	0	0	1	0	-119.635
19.835	1	0	0	1	0	-119.635
19.84	1	0	0	1	0	-119.635
19.845	1	0	0	1	0	-119.635
19.85	1	0	0	1	0	-119.635
19.855	1	0	0	1	0	-119.635
19.86	1	0	0	1	0	-119.635
19.865	1	0	0	1	0	-119.635
19.87	1	0	0	1	0	-119.635
19.875	1	0	0	1	0	-119.635
19.88	1	0	0	1	0	-119.635
19.885	1	0	0	1	0	-119.635
19.89	1	0	0	1	0	-119.635
19.895	1	0	0	1	0	-119.635
19.9	1	0	0	1	0	-119.635
19.905	1	0	0	1	0	-119.635
19.91	1	0	0	1	0	-119.635
19.915	1	0	0	1	0	-119.635
19.92	1	0	0	1	0	-119.635
19.925	1	0	0	1	0	-119.635
19.93	1	0	0	1	0	-119.635
19.935	1	0	0	1	0	-119.635
19.94	1	0	0	1	0	-119.635
19.945	1	0	0	1	0	-119.635
19.95	1	0	0	1	0	-119.635
19.955	1	0	0	1	0	-119.635
19.96	1	0	0	1	0	-119.635
19.965	1	0	0	1	0	-119.635
19.97	1	0	0	1	0	-119.635
19.975	1	0	0	1	0	-119.635
19.98	1	0	0	1	0	-119.635
19.985	1	0	0	1	0	-119.635
19.99	1	0	0	1	0	-119.635
19.995	1	0	0	1	0	-119.635
